# HJD       V(%)     s_V(%)    P_l(%)   s_P_minus(%)   s_P_plus(%)    PA (deg)   Sigma_PA (deg)    Q(%)      U(%)    Sigma_Q_U
.591525   0.418000   0.304900   0.000000   0.000000   0.476025   92.300000   28.919628   -0.367811   -0.029593   0.372500
.592180   0.447600   0.300300   0.000000   0.000000   0.455983   84.200000   27.228056   -0.357741   0.073434   0.347100
.592835   0.461200   0.302100   0.000000   0.000000   0.414440   77.400000   44.010159   -0.219692   0.103379   0.373000
.593490   0.277300   0.238100   0.000000   0.000000   0.516027   109.500000   28.399774   -0.314045   -0.254308   0.400600
.594145   -0.058100   0.145900   0.105598   0.105598   0.178496   88.800000   19.267515   -0.254177   0.010653   0.171100
.594800   -0.068600   0.147000   0.120613   0.120613   0.164845   84.700000   19.001615   -0.251631   0.047092   0.169800
.595455   -0.051600   0.150000   0.299628   0.203843   0.171639   90.100000   14.176773   -0.360098   -0.001257   0.178200
.596110   -0.052500   0.149700   0.299447   0.203038   0.171213   90.000000   14.148587   -0.359400   -0.000000   0.177500
.596765   0.055400   0.142300   0.000000   0.000000   0.230484   76.900000   27.831631   -0.163750   0.080575   0.177300
.597420   -0.005300   0.209500   0.000000   0.000000   0.385900   110.600000   50.361913   -0.153568   -0.134439   0.358800
.598075   0.028100   0.204200   0.000000   0.000000   0.293001   159.600000   150.337184   0.042165   -0.036396   0.292300
.598730   -0.054100   0.189400   0.000000   0.000000   0.281063   160.300000   63.624987   0.093037   -0.076422   0.267400
.599385   -0.024500   0.181900   0.000000   0.000000   0.303869   154.400000   60.598091   0.085343   -0.106146   0.288100
.600040   0.052900   0.154400   0.530738   0.261062   0.249653   156.400000   11.492330   0.399036   -0.430919   0.235600
.600695   0.072100   0.099000   0.631005   0.131200   0.131200   163.500000   5.831815   0.540523   -0.351020   0.131200
.601350   -0.059500   0.116600   0.425383   0.134700   0.134700   175.600000   8.648302   0.440948   -0.068262   0.134700
.602005   -0.285800   0.060100   0.192876   0.138884   0.112719   137.200000   14.409503   0.017983   -0.233709   0.117900
.602660   -0.286800   0.141400   0.000000   0.000000   0.212574   7.400000   42.234424   0.123947   0.032748   0.189000
.603315   -0.278700   0.137200   0.000000   0.000000   0.244512   7.900000   26.959304   0.189365   0.053585   0.185200
.603970   -0.334300   0.143800   0.161143   0.161143   0.132639   172.300000   18.004186   0.257413   -0.070903   0.167800
.604625   -0.275800   0.170800   0.000000   0.000000   0.259536   168.900000   29.969887   0.182582   -0.074510   0.206300
.605280   -0.157300   0.145600   0.521219   0.228525   0.222046   159.100000   10.648743   0.422163   -0.377457   0.210500
.605935   -0.157300   0.145900   0.530760   0.226796   0.221359   159.300000   10.465009   0.431014   -0.379990   0.209900
.606590   -0.212200   0.139500   0.424955   0.205641   0.197441   163.100000   11.376069   0.389649   -0.260847   0.186200
.607245   -0.042400   0.091000   0.630226   0.113700   0.113700   166.700000   5.086300   0.572616   -0.286745   0.113700
.607900   -0.077100   0.122000   0.666176   0.173900   0.173900   159.800000   7.235831   0.524319   -0.446230   0.173900
.608555   0.054200   0.156300   0.400774   0.306105   0.226348   151.900000   14.930163   0.276034   -0.412334   0.258600
.609210   0.090500   0.147600   0.321742   0.285302   0.181059   153.800000   15.970342   0.258519   -0.335693   0.236200
.609865   0.052600   0.152000   0.378051   0.254155   0.215234   158.500000   14.076876   0.330718   -0.308400   0.222200
.610520   -0.024000   0.065500   0.210643   0.081330   0.080622   177.300000   9.672161   0.224400   -0.021212   0.076100
.611175   -0.018200   0.058100   0.172046   0.072508   0.070446   174.400000   10.345932   0.182261   -0.036089   0.067100
.611830   -0.198800   0.100000   0.000000   0.000000   0.230601   22.700000   27.601330   0.128775   0.130586   0.176700
.612485   -0.063100   0.134400   0.000000   0.000000   0.351140   24.000000   23.204415   0.199669   0.221754   0.241700
.613140   -0.091100   0.135000   0.000000   0.000000   0.309165   12.900000   21.493933   0.241556   0.116773   0.201300
.613795   -0.141200   0.227600   0.000000   0.000000   0.332695   101.600000   133.327568   -0.065351   -0.028009   0.330900
.614450   -0.103000   0.190600   1.119553   0.378800   0.378800   44.200000   9.181677   0.033001   1.181439   0.378800
.615105   -0.062700   0.206400   1.062093   0.440574   0.429888   45.100000   10.223711   -0.003999   1.145493   0.408800
.615760   0.291500   0.284600   0.000000   0.000000   0.464746   70.400000   38.311906   -0.232251   0.189419   0.400800
.616415   0.466800   0.281200   1.311692   0.333400   0.333400   80.500000   7.057197   -1.279665   0.440624   0.333400
.617070   0.493100   0.199900   0.917333   0.263400   0.263400   96.600000   7.906388   -0.929184   -0.217938   0.263400
.617725   0.419100   0.179000   1.545505   0.212900   0.212900   90.300000   3.909453   -1.560014   -0.016337   0.212900
.618380   0.396300   0.197700   1.495821   0.240300   0.240300   91.900000   4.543954   -1.511669   -0.100405   0.240300
.619035   0.464700   0.154500   0.463188   0.194200   0.188658   87.700000   10.303846   -0.498290   0.040091   0.179800
.619690   0.259600   0.126800   0.609437   0.206900   0.206900   107.700000   9.209525   -0.524616   -0.372825   0.206900
.620345   0.047500   0.138500   0.000000   0.000000   0.360934   108.900000   20.720574   -0.252138   -0.195579   0.230800
.621000   0.062100   0.142300   0.579047   0.308335   0.288327   121.300000   12.161678   -0.298762   -0.576370   0.275600
.621655   -0.047500   0.202900   0.000000   0.000000   0.405294   157.000000   26.808689   0.227223   -0.235296   0.306100
.622310   -0.121300   0.309000   0.000000   0.000000   0.493502   177.100000   25.005863   0.408498   -0.041494   0.358400
.622965   -0.082500   0.289600   0.673559   0.508204   0.383573   12.800000   14.859441   0.750234   0.359452   0.431500
.623620   -0.079600   0.290500   0.621659   0.523272   0.351484   13.900000   15.711399   0.713238   0.376048   0.442200
.642940   -0.111200   0.191000   0.795456   0.422731   0.395357   45.400000   12.144987   -0.012446   0.891313   0.377900
.643595   -0.036100   0.192600   0.618386   0.444204   0.360738   47.500000   14.386917   -0.065428   0.747843   0.377000
.644250   0.073100   0.129600   0.811161   0.257000   0.257000   44.900000   8.652615   0.002970   0.850895   0.257000
.644905   0.187300   0.113700   0.944746   0.224700   0.224700   34.700000   6.628754   0.341673   0.909007   0.224700
.645560   0.131100   0.162400   0.682726   0.354650   0.333071   47.600000   11.941952   -0.069053   0.758764   0.317600
.646215   -0.019800   0.134600   0.577097   0.236233   0.232299   62.700000   10.125114   -0.360255   0.506928   0.219800
.646870   0.160100   0.305100   0.000000   0.000000   0.462701   171.500000   28.222436   0.347712   -0.106306   0.358200
.647525   0.161900   0.186400   0.000000   0.000000   0.484537   46.700000   26.887210   -0.023159   0.389813   0.366500
.648180   0.141800   0.170900   0.755821   0.197900   0.197900   83.600000   7.256392   -0.761884   0.173096   0.197900
.648835   0.193800   0.126800   0.444973   0.146600   0.146600   86.200000   8.964316   -0.464384   0.061962   0.146600
.649490   0.239100   0.121400   0.369655   0.151601   0.148907   83.000000   10.138941   -0.386566   0.096382   0.141000
.650145   0.143100   0.083000   0.592728   0.115100   0.115100   99.200000   5.461036   -0.572931   -0.190589   0.115100
.650800   0.146500   0.081000   0.568656   0.112100   0.112100   99.100000   5.540769   -0.550604   -0.181029   0.112100
.651455   0.095600   0.119400   0.614228   0.200100   0.200100   109.200000   8.873754   -0.506266   -0.401262   0.200100
.660620   0.080000   0.270400   0.000000   0.000000   0.388744   4.300000   40.628147   0.238093   0.036008   0.341500
.661280   0.059600   0.240800   0.000000   0.000000   0.280225   87.700000   206.811257   -0.038675   0.003112   0.280100
.661930   0.407800   0.357200   0.000000   0.000000   0.501769   74.600000   48.560917   -0.234668   0.139890   0.463100
.662590   -0.136900   0.299000   0.000000   0.000000   0.571161   27.100000   92.653121   0.100905   0.139909   0.557900
.663240   -0.211400   0.214600   0.000000   0.000000   0.541735   36.700000   29.419375   0.118818   0.398566   0.427100
.663895   -0.198300   0.225400   0.000000   0.000000   0.533408   41.400000   35.582793   0.045458   0.359840   0.450500
.664550   -0.014800   0.239000   0.000000   0.000000   0.278848   172.600000   150.944049   0.051048   -0.013488   0.278200
.665205   0.103800   0.197600   0.000000   0.000000   0.335251   15.500000   48.914514   0.155576   0.093479   0.309900
.665860   0.053700   0.175700   0.000000   0.000000   0.255218   161.800000   55.947116   0.099163   -0.073109   0.240600
.666515   0.062500   0.190600   0.000000   0.000000   0.250894   171.000000   43.338142   0.141327   -0.045920   0.224800
.667170   -0.215500   0.198400   0.520767   0.474743   0.293684   132.100000   16.228077   -0.070699   -0.696019   0.396300
.667825   0.215400   0.195600   0.369692   0.369692   0.303558   123.600000   17.996818   -0.237121   -0.564088   0.384400
.668480   -0.173200   0.159100   0.415939   0.382095   0.234774   123.500000   16.136389   -0.216778   -0.510696   0.312500
.669135   -0.185200   0.162600   0.256404   0.256404   0.295019   126.900000   18.675639   -0.138575   -0.476978   0.323800
.669790   -0.018300   0.145100   0.768752   0.311288   0.307563   131.100000   10.041996   -0.112318   -0.819943   0.290100
.670445   0.003600   0.144300   0.746662   0.310962   0.302832   131.600000   10.253494   -0.095374   -0.799834   0.288300
.671100   0.300800   0.164000   0.569537   0.372653   0.319809   126.500000   13.852432   -0.197175   -0.644932   0.326100
.671755   0.299200   0.160600   0.582343   0.365171   0.317599   127.100000   13.489054   -0.184987   -0.653731   0.319900
.672410   0.169200   0.071400   0.176129   0.172941   0.096246   126.800000   16.647860   -0.069089   -0.234744   0.142200
.673065   -0.031300   0.163700   0.000000   0.000000   0.245253   158.000000   110.479461   0.045103   -0.043555   0.241800
.673720   -0.060800   0.324300   0.000000   0.000000   0.466606   162.400000   54.489374   0.188515   -0.132983   0.438800
.674375   0.082600   0.238700   0.000000   0.000000   0.590107   140.900000   28.081103   0.095091   -0.455173   0.455800
.675030   -0.019200   0.238000   0.000000   0.000000   0.480394   142.600000   50.697827   0.066255   -0.243860   0.447200
.675685   -0.447300   0.430000   0.000000   0.000000   0.507937   88.300000   116.000892   -0.123782   0.007354   0.502100
.681835   0.247100   0.264400   0.000000   0.000000   0.362917   168.900000   40.867080   0.207302   -0.084599   0.319400
.682490   0.379800   0.319500   0.000000   0.000000   0.397599   170.000000   68.445642   0.149693   -0.054484   0.380600
.683145   -0.078400   0.143600   0.321880   0.190006   0.171404   88.700000   13.034446   -0.369519   0.016780   0.168300
.683800   -0.087700   0.147500   0.312447   0.200557   0.172912   90.200000   13.688283   -0.367291   -0.002564   0.175500
.684455   -0.177000   0.125300   0.592340   0.194000   0.194000   65.600000   8.916561   -0.410561   0.468980   0.194000
.685110   -0.102100   0.182500   0.558623   0.231164   0.225853   81.300000   10.205577   -0.574834   0.180142   0.214600
.685765   -0.061400   0.112100   0.785416   0.130600   0.130600   87.900000   4.699090   -0.794062   0.058312   0.130600
.686420   -0.112600   0.118400   0.761187   0.136900   0.136900   84.200000   5.070982   -0.757604   0.155514   0.136900
.687075   -0.264900   0.117200   1.080713   0.137300   0.137300   88.600000   3.610572   -1.088099   0.053217   0.137300
.687730   -0.231200   0.145300   1.078711   0.167900   0.167900   85.600000   4.405956   -1.078849   0.167015   0.167900
.688385   -0.189700   0.224100   0.825292   0.266000   0.266000   80.300000   8.788307   -0.817868   0.288017   0.266000
.689040   -0.234700   0.245800   0.723378   0.308347   0.300766   83.100000   10.444699   -0.760204   0.186724   0.285400
.689695   -0.306600   0.228200   0.607865   0.304262   0.288609   79.600000   11.612980   -0.630259   0.239413   0.273300
