.58858    14.52724
.58923    14.53989
.58989    14.59417
.59054    14.57543
.59120    14.59452
.59185    14.59146
.59251    14.60478
.59316    14.58975
.59382    14.58436
.59447    14.60447
.59513    14.59911
.59578    14.60407
.59644    14.61176
.59709    14.60447
.59775    14.60427
.59840    14.6113
.59906    14.61462
.59971    14.60285
.60037    14.5899
.60102    14.59176
.60168    14.59221
.60233    14.57163
.60299    14.56197
.60364    14.54449
.60430    14.52984
.60495    14.51773
.60561    14.51633
.60626    14.48541
.60692    14.48419
.60757    14.48714
.60823    14.49432
.60888    14.51114
.60954    14.5315
.61019    14.53345
.61085    14.52989
.61150    14.5509
.61216    14.5775
.61281    14.59166
.61347    14.57953
.61412    14.58406
.61478    14.56706
.61543    14.56334
.61609    14.54118
.61674    14.50025
.61740    14.48423
.61805    14.48332
.61871    14.47469
.61936    14.46952
.62002    14.45099
.62067    14.4528
.62133    14.47563
.62198    14.47338
.62264    14.48806
.62329    14.475
.62395    14.5003
.62460    14.53055
.62526    14.53721
.62591    14.49322
.62657    14.48137
.63115    14.48083
.63180    14.49929
.63246    14.48269
.63311    14.49029
.63377    14.50067
.63442    14.44042
.63508    14.47532
.63573    14.20764
.63672    14.40656
.63803    14.41864
.63934    14.23409
.63999    14.58955
.64065    14.4458
.64130    14.42978
.64196    14.43263
.64261    14.43511
.64327    14.44887
.64392    14.4509
.64458    14.41941
.64523    14.42926
.64589    14.45165
.64654    14.46161
.64720    14.42663
.64785    14.42861
.64851    14.32832
.64916    14.31829
.64982    14.2956
.65047    14.29235
.65113    14.26043
.65178    14.24584
.65244    14.26699
.65309    14.2808
.65375    14.24268
.65506    14.45677
.65571    14.36157
.65637    14.39541
.65702    14.42788
.65768    14.59271
.65833    14.39273
.65899    14.40479
.65964    14.42909
.66030    14.44112
.66095    14.45359
.66160    14.45037
.66226    14.4423
.66291    14.43667
.66357    14.42396
.66422    14.41199
.66488    14.42594
.66553    14.41072
.66619    14.40826
.66684    14.4131
.66750    14.41604
.66815    14.4145
.66881    14.39843
.66946    14.39165
.67012    14.37057
.67077    14.38607
.67143    14.39445
.67208    14.39378
.67274    14.4031
.67339    14.43255
.67405    14.42874
.67470    14.42982
.67536    14.46939
.67601    14.46885
.67667    14.46478
.67732    14.46139
.67798    14.44751
.67954    14.41847
.68020    14.43763
.68085    14.44914
.68151    14.4638
.68216    14.44611
.68282    14.47545
.68347    14.48464
.68413    14.4897
.68478    14.45629
.68544    14.48601
.68609    14.48856
.68675    14.5152
.68740    14.47563
.68806    14.46465
.68871    14.49002
.68937    14.48596
