1.857933316105260246e-01 1.877247120608115338e+01
1.874040044785942882e-01 1.876484225770904501e+01
1.890160646059584337e-01 1.876293210620490370e+01
1.906267374740266973e-01 1.882965878345611088e+01
1.922388040839067003e-01 1.878096319893657196e+01
1.938494769519749639e-01 1.881918965632390695e+01
1.954615370793391094e-01 1.876759050839702425e+01
1.970722099474073730e-01 1.880604275019450000e+01
1.986842765572873759e-01 1.880178777295456172e+01
2.002949494253556395e-01 1.881545631521188611e+01
2.019070095527197850e-01 1.881977994560371314e+01
2.035176824207880486e-01 1.880804371810909714e+01
2.051297490306680515e-01 1.880625431882847209e+01
2.067418091580321970e-01 1.885176377787497870e+01
2.083524820261004606e-01 1.887850022977341524e+01
2.099645486359804636e-01 1.887317252243581933e+01
2.115752215040487272e-01 1.880478714310692823e+01
2.131872816314128727e-01 1.877724165381501464e+01
2.147979544994811363e-01 1.882657141312287763e+01
2.164100211093611392e-01 1.879457640658391426e+01
2.180206939774294028e-01 1.883651714670567756e+01
2.196327541047935483e-01 1.885693908010977182e+01
2.212434269728618119e-01 1.885009031831857484e+01
2.228554935827418149e-01 1.880558294331558500e+01
2.244675537101059604e-01 1.882643318672783295e+01
2.260782265781742240e-01 1.887988164867233110e+01
2.276902931880613323e-01 1.886203754653040932e+01
2.293009660561295959e-01 1.887591439117743519e+01
2.309130261834866360e-01 1.896297126637427866e+01
2.325236990515548996e-01 1.892369368141261887e+01
2.341357656614420080e-01 1.892069990470218599e+01
2.357464385295102716e-01 1.886268888818669609e+01
2.373584986568673116e-01 1.884818849828364762e+01
2.389691715249355752e-01 1.886808581149948694e+01
2.405812381348226836e-01 1.885265868365994990e+01
2.421919110028909472e-01 1.888132789657318966e+01
2.438039711302479873e-01 1.887062072766192600e+01
2.454160377401350956e-01 1.889534282917265529e+01
2.470267106082033592e-01 1.888843295513376219e+01
2.486387707355675047e-01 1.888923003969233960e+01
2.502494436036286629e-01 1.887062306567390735e+01
2.518615102135157713e-01 1.887186814290458869e+01
2.534721830815840349e-01 1.893857146164230798e+01
2.550842432089481804e-01 1.893280974051367238e+01
2.566949160770164440e-01 1.890079177213026185e+01
2.583069826868964469e-01 1.890641986065438118e+01
2.599176490724417476e-01 1.898999239441136666e+01
2.615297156823288560e-01 1.898271256953783492e+01
2.631417822922088590e-01 1.893855160581699693e+01
2.647524551602771226e-01 1.896514903825212883e+01
5.872487922890385903e-01 1.861302166995132268e+01
5.888594651571068539e-01 1.861676082656329356e+01
5.904715252844709994e-01 1.863023551151101742e+01
5.920821981525392630e-01 1.852036532009812220e+01
5.936942647624192659e-01 1.858059797204332853e+01
5.953049376304875295e-01 1.861359394182987259e+01
5.969169977578516750e-01 1.861172014057333612e+01
5.985276706259199386e-01 1.860446180440507291e+01
6.001397372357999416e-01 1.855326806582193910e+01
6.017517973631640871e-01 1.861401780232341707e+01
6.033624702312323507e-01 1.851663764706698601e+01
6.049745368411123536e-01 1.850369081879496846e+01
6.065852097091806172e-01 1.844875371709066059e+01
6.081972698365447627e-01 1.841106227975075171e+01
6.098079427046130263e-01 1.836425999537901177e+01
6.114200093145001347e-01 1.833445209676001042e+01
6.130306757000454354e-01 1.844098845020847222e+01
6.146427423099254383e-01 1.843373603291109575e+01
6.162534151779937019e-01 1.831616928642017683e+01
6.178654817878808103e-01 1.831074045858522226e+01
6.194761481734261110e-01 1.827762169056187957e+01
6.210882147833061140e-01 1.831179914126385455e+01
6.227002813931932224e-01 1.821160776115705815e+01
6.243109477787385231e-01 1.825913324184988440e+01
6.259230143886185260e-01 1.815522659217960921e+01
6.275336872566867896e-01 1.818034758907086612e+01
6.291457538665738980e-01 1.828740524593671424e+01
6.307564202521191987e-01 1.823470410083642079e+01
6.323684868619992017e-01 1.830367565910247407e+01
6.339791597300674653e-01 1.832738051588545858e+01
6.355912198574316108e-01 1.836322449566685222e+01
6.372018927254998744e-01 1.837502749749556230e+01
6.388139593353869827e-01 1.841782697806342384e+01
6.404260259452669857e-01 1.837193303200385941e+01
6.420366923308122864e-01 1.840604558221697928e+01
6.436487589406993948e-01 1.839787347401425777e+01
6.452594318087676584e-01 1.844441163451195465e+01
6.468714919361246984e-01 1.849400756820285707e+01
6.484821648041929620e-01 1.836885979183253426e+01
6.500942314140800704e-01 1.839313034335846453e+01
6.517049042821483340e-01 1.836461513040959304e+01
6.533169644095053741e-01 1.824460632960370177e+01
6.549276372775736377e-01 1.825739342277793753e+01
6.565397038874607460e-01 1.831479824675340851e+01
6.581503767555290096e-01 1.832559268089018190e+01
6.597624368828931551e-01 1.841276375092541429e+01
6.613745034927731581e-01 1.843532103154813839e+01
6.629851763608414217e-01 1.842976602189635926e+01
6.645972364882055672e-01 1.843704163812760655e+01
6.662079093562738308e-01 1.837256915693330228e+01
6.684032666400341327e-01 1.841697809548297116e+01
6.700153332499212411e-01 1.843715607890390373e+01
6.716273998598012440e-01 1.841292110692411654e+01
6.732380662453536502e-01 1.841480720407008320e+01
6.748501328552336531e-01 1.846852522980291766e+01
6.764608057233019167e-01 1.849419351990910343e+01
6.780728723331819197e-01 1.843179752226257762e+01
6.796835387187343258e-01 1.848977760883892429e+01
6.812956053286143288e-01 1.850511012773269570e+01
6.829062781966825924e-01 1.855646475383404947e+01
6.845183383240467379e-01 1.860637540633938514e+01
6.861290111921150014e-01 1.856086981266665958e+01
6.877410778019950044e-01 1.860450251128815324e+01
6.893517506700632680e-01 1.864040425133100953e+01
6.909638107974274135e-01 1.866391245701294466e+01
6.925758774073074164e-01 1.862377993221921102e+01
6.941865502753756800e-01 1.865823597510979326e+01
6.957986104027398255e-01 1.859268793727207836e+01
6.974092832708080891e-01 1.863795427926149273e+01
6.990213498806880921e-01 1.862447919854087175e+01
7.006320227487563557e-01 1.867110806039990933e+01
7.022440828761205012e-01 1.870252304212857553e+01
7.038547557441887648e-01 1.875484370700636205e+01
7.054668223540687677e-01 1.874097584659274318e+01
7.070774952221370313e-01 1.866946515039307286e+01
7.086895553495011768e-01 1.866400078786823613e+01
7.103016219593882852e-01 1.877698170435169089e+01
7.119122948274494433e-01 1.873047070513039714e+01
7.135243549548135888e-01 1.873279282582739214e+01
7.151350278228818524e-01 1.881546636667013672e+01
7.167470944327689608e-01 1.881899718217190198e+01
7.183577673008372244e-01 1.879806207017478314e+01
7.199698274281942645e-01 1.885443353587690396e+01
7.215805002962625281e-01 1.883787170272854183e+01
7.231925669061496365e-01 1.891010478471020662e+01
7.248032397742179000e-01 1.884257879846504480e+01
7.264152999015749401e-01 1.880000000000000071e+01
7.280259727696432037e-01 1.880916501488347947e+01
7.296380393795303121e-01 1.883329952469456003e+01
7.312500995068944576e-01 1.877940629396326955e+01
7.328607723749556158e-01 1.891662630627156716e+01
7.344728389848427241e-01 1.894648884355041574e+01
7.360835118529109877e-01 1.879733980586879127e+01
7.376955719802751332e-01 1.890078323314956421e+01
7.393062448483433968e-01 1.887508404405142670e+01
7.409183114582233998e-01 1.891912833905334068e+01
7.425289843262916634e-01 1.896756285975864031e+01
7.441410444536558089e-01 1.897462270239171289e+01
7.457517173217240725e-01 1.894376678299424910e+01
7.473637839316040754e-01 1.894529176453297481e+01
7.495591412153714828e-01 1.895766052506525767e+01
7.511712013427356283e-01 1.897173422383237451e+01
7.527818742108038919e-01 1.903292265205628908e+01
7.543939408206838948e-01 1.905518949129182005e+01
7.560046136887521584e-01 1.899154399086867073e+01
7.576166738161163039e-01 1.895825555333788870e+01
7.592287404259963068e-01 1.892600181619364008e+01
7.608394132940645704e-01 1.899691155832101686e+01
7.624514734214287159e-01 1.909179228672977047e+01
7.640621462894969795e-01 1.899251364262804742e+01
7.656742128993769825e-01 1.902391421734939314e+01
7.672848857674452461e-01 1.897838132890587559e+01
7.688969458948093916e-01 1.901110046019466893e+01
7.705076187628776552e-01 1.899218414789885756e+01
7.721196853727576581e-01 1.891473361356695193e+01
7.737303582408259217e-01 1.900979273802166603e+01
7.753424183681900672e-01 1.902990662735096095e+01
7.769530912362583308e-01 1.900006564099905404e+01
7.785651578461383338e-01 1.903447463792407746e+01
7.801772179735024793e-01 1.901713843422201933e+01
7.817878908415707429e-01 1.901299077087759315e+01
7.833999574514578512e-01 1.897562218329471406e+01
7.850106303195190094e-01 1.901995040102249135e+01
7.866226904468831549e-01 1.904443532704805619e+01
7.882333633149514185e-01 1.905938459253090045e+01
7.898454299248385269e-01 1.904136675005385015e+01
7.914561027928996850e-01 1.917324124926211226e+01
7.930681629202638305e-01 1.919579554886813000e+01
7.946788357883320941e-01 1.923920842210378979e+01
7.962909023982192025e-01 1.923496056398610321e+01
7.979029625255833480e-01 1.932635849135741068e+01
7.995136353936445062e-01 1.940592143303409145e+01
8.011257020035316145e-01 1.947694700471142681e+01
8.027363748715998781e-01 1.931465752332278285e+01
8.043484349989640236e-01 1.941063382688345840e+01
8.059591078670251818e-01 1.951222592039323089e+01
8.075711744769122902e-01 1.971082648824910422e+01
8.091818473449805538e-01 1.987863761556726061e+01
8.107939074723446993e-01 1.977018295999433661e+01
8.124045803404058574e-01 1.956652499385815958e+01
8.140166469502929658e-01 1.958666176824578642e+01
8.156273133358382665e-01 1.964833955561476131e+01
8.172393799457253749e-01 1.960865367967669926e+01
8.188514465556053779e-01 1.974335454832928249e+01
8.204621194236736414e-01 1.980076274026298577e+01
8.220741795510377870e-01 1.975481532494210768e+01
8.236848524191060505e-01 1.974176485921593027e+01
8.252969190289860535e-01 1.976371646243481450e+01
8.269075854145313542e-01 1.973151335238841853e+01
8.285196520244184626e-01 1.975515660707113952e+01
9.120476816535401099e-01 1.882077092805239360e+01
9.136583545216083735e-01 1.888674653446772567e+01
9.152704146489725190e-01 1.878124677219822658e+01
9.168810875170407826e-01 1.872659569626529219e+01
9.184931541269207855e-01 1.874848369085185595e+01
9.201052142542849310e-01 1.871570751506180841e+01
9.217158871223531946e-01 1.863970150105142309e+01
9.233279537322331976e-01 1.872426271536158282e+01
9.249386266003014612e-01 1.874618921640103864e+01
9.265506867276656067e-01 1.878239007485602130e+01
9.281613595957338703e-01 1.873935126624782299e+01
9.297734262056138732e-01 1.874446926695630466e+01
9.313840925911662794e-01 1.869771553083601034e+01
9.329961592010462823e-01 1.863754474609739020e+01
9.346068320691145459e-01 1.866398245481693863e+01
9.362188986789945488e-01 1.859606625428120807e+01
9.378309588063586943e-01 1.857041406651784499e+01
9.394416316744269579e-01 1.855416256655985308e+01
9.410536982843140663e-01 1.858478634475792646e+01
9.426643646698593670e-01 1.864997397705807103e+01
9.442764312797393700e-01 1.863978222789603478e+01
9.458871041478076336e-01 1.866588219691350048e+01
9.474991707576947420e-01 1.861930567296804639e+01
9.491098371432400427e-01 1.857919331905588223e+01
9.507219037531200456e-01 1.853825798206349518e+01
9.523325766211883092e-01 1.867980809601466774e+01
9.539446367485524547e-01 1.867927571720978719e+01
9.555553096166207183e-01 1.854980911478057237e+01
9.571673762265007213e-01 1.845771124624762649e+01
9.587794428363878296e-01 1.857123939517609656e+01
9.603901092219331304e-01 1.859698092462210184e+01
9.620021758318202387e-01 1.863620259958073788e+01
9.636128486998813969e-01 1.855295678819553018e+01
9.652249088272455424e-01 1.921323779256045938e+01
9.668355816953138060e-01 1.949688086401143039e+01
9.684476483052009144e-01 1.953815050424126554e+01
9.700583211732620725e-01 1.956489260378611661e+01
9.716703813006262180e-01 1.951698749593688120e+01
9.732810541686944816e-01 1.951905254289323111e+01
9.748931207785815900e-01 1.961273055308740609e+01
9.765051809059386301e-01 1.967463307438945463e+01
9.781158537740068937e-01 1.985958415693198731e+01
9.797279203838940020e-01 1.996799646657967031e+01
9.813385932519622656e-01 2.026107398481311961e+01
9.829506533793193057e-01 2.054272202221758548e+01
9.845613262473875693e-01 2.113830321817531654e+01
9.861733928572746777e-01 2.133407046908008908e+01
3.349123219763328052e-02 1.926907496411894627e+01
3.510329232499742602e-02 1.903538176461865561e+01
3.671396519306568962e-02 1.900110274083317918e+01
3.832603180294569256e-02 1.887777641969669418e+01
3.993670467101395616e-02 1.874949646674027548e+01
4.154876479837810166e-02 1.871588985071558042e+01
4.315943766644636526e-02 1.884994019019778477e+01
4.477150427632636820e-02 1.858928690978393305e+01
4.638356440369051370e-02 1.848166902400021883e+01
4.799423727175877730e-02 1.846610918085939801e+01
4.960630388164588567e-02 1.846788335304307793e+01
5.121697674971414926e-02 1.846112838593478500e+01
5.282903687707118934e-02 1.851831049750507674e+01
5.443970974513945293e-02 1.847956286481490196e+01
5.605177635502656130e-02 1.841213659706714267e+01
5.766244922309482490e-02 1.827918476333391951e+01
5.927450935045186498e-02 1.824988178118737281e+01
6.088518221852012857e-02 1.835914501409334321e+01
6.249724882840723694e-02 1.839572482175688606e+01
6.410792169647550054e-02 1.842669323726563846e+01
6.571998182383254061e-02 1.837682172759879506e+01
6.733204843371964898e-02 1.837371513941927859e+01
6.894272130178791258e-02 1.833245733548464429e+01
7.055478142915205808e-02 1.834219102481552355e+01
7.216545429721321625e-02 1.834860534498693596e+01
7.436081158098062360e-02 1.825704148655320935e+01
7.597287819086773197e-02 1.828823228779067378e+01
7.758494480074773492e-02 1.827759026974590029e+01
7.919561118630014107e-02 1.835770741762459934e+01
8.080767779618014401e-02 1.844504942694231175e+01
8.241835066424840761e-02 1.843863769713504652e+01
8.403041079161255311e-02 1.844000648744712834e+01
8.564108365968081671e-02 1.845145842968510408e+01
8.725315026956081965e-02 1.847959141847796261e+01
8.886382313762908325e-02 1.850181674464417725e+01
9.047588326499322875e-02 1.849872877642549085e+01
9.208655613306149235e-02 1.850228929301320946e+01
9.369862274294149529e-02 1.852664406439705402e+01
9.530929561100975889e-02 1.855877207238873439e+01
9.692135573837390439e-02 1.858843740125632138e+01
9.853342234825390733e-02 1.856438750095909640e+01
1.001440952163221709e-01 1.856599474693341989e+01
1.017561553436863164e-01 1.847369349288513973e+01
1.033668282117545800e-01 1.846625984836001422e+01
1.049788948216345830e-01 1.858643446779333530e+01
1.065895676897028466e-01 1.853256242903754725e+01
1.082016278170669921e-01 1.850328648488986971e+01
1.098123006851352557e-01 1.852022997441052610e+01
1.114243672950152586e-01 1.857904305463150507e+01
1.130350401630835222e-01 1.854108786456673386e+01
1.146471002904476677e-01 1.860547940981995652e+01
1.162591669003347761e-01 1.863405285559193203e+01
1.178698397683959342e-01 1.867302931971850199e+01
1.194818998957600797e-01 1.865096395919486483e+01
1.210925727638283433e-01 1.867938699537647196e+01
1.227046393737154517e-01 1.861681005469397476e+01
1.243153122417766099e-01 1.863276875511340691e+01
1.259273723691407554e-01 1.866696562790368930e+01
1.275380452372090190e-01 1.870295859614885003e+01
1.291501118470961273e-01 1.870880157386347875e+01
1.307607847151643909e-01 1.868693403861606939e+01
1.323728448425214310e-01 1.867592955395300436e+01
1.339835177105896946e-01 1.867216079619984725e+01
1.355955843204768030e-01 1.870597621560059665e+01
1.372076444478409485e-01 1.876833783038575376e+01
1.388183173159021067e-01 1.871009435857314074e+01
1.404303839257892150e-01 1.876056193424165386e+01
1.420410567938574786e-01 1.877782867869159489e+01
1.436531169212216241e-01 1.883040119643474242e+01
1.452637897892827823e-01 1.883474322805229306e+01
1.468758563991698907e-01 1.883909665500673825e+01
1.484865227847151914e-01 1.885707944488834187e+01
1.500985893946022998e-01 1.883205444173276888e+01
1.517092622626634579e-01 1.876235508432744936e+01
1.533213288725505663e-01 1.877613710038016492e+01
1.555194671574327003e-01 1.885062080736517487e+01
1.571315337673127033e-01 1.879962303031308579e+01
1.587422066353809669e-01 1.881100043842992164e+01
1.603542667627451124e-01 1.883768837423198761e+01
1.619649396308133760e-01 1.886358189416407782e+01
1.635770062406933789e-01 1.881300217557500076e+01
1.651876791087616425e-01 1.874370074834440203e+01
1.667997392361257880e-01 1.884265225504963581e+01
1.684118058460057910e-01 1.883134542976230108e+01
1.700224787140740546e-01 1.882017861646384915e+01
1.716345388414382001e-01 1.882588515088553649e+01
1.732452117095064636e-01 1.885146703879077634e+01
1.748572783193864666e-01 1.884892215714661745e+01
1.764679511874547302e-01 1.888422963975786928e+01
1.780800113148188757e-01 1.888340122144377631e+01
1.796906841828871393e-01 1.887577586359949677e+01
1.813027507927671422e-01 1.891329119757391197e+01
1.829134236608354058e-01 1.888054900881896003e+01
1.845254837881995513e-01 1.890122358232678224e+01
1.861375503980866597e-01 1.895909615715959973e+01
1.877482232661478179e-01 1.896015040381777084e+01
1.893602833935119634e-01 1.896064282011206004e+01
1.909709562615802270e-01 1.889716716893451220e+01
1.925830228714673353e-01 1.885410546119571862e+01
1.941936957395284935e-01 1.881167831138080260e+01
1.958057558668926390e-01 1.885087029354223631e+01
1.974164287349609026e-01 1.882834096067812268e+01
1.990284953448480110e-01 1.887280307309366734e+01
2.006391617303933117e-01 1.888463760973814942e+01
2.022512283402733146e-01 1.887921291380709121e+01
2.038619012083415782e-01 1.884021946086815902e+01
2.054739678182286866e-01 1.884111228735592647e+01
2.070860279455928321e-01 1.876850881252283187e+01
2.086967008136539903e-01 1.884753441801705875e+01
2.103087674235410987e-01 1.887554185734831691e+01
2.119194338090863994e-01 1.896093914616648846e+01
2.135315004189735077e-01 1.893537753982661798e+01
2.151421732870346659e-01 1.889940470246424198e+01
2.167542398969217743e-01 1.892465430882158017e+01
2.183649062824670750e-01 1.893208791569760052e+01
2.199769728923541834e-01 1.885209535708947470e+01
2.215876457604153416e-01 1.890472180364332289e+01
2.231997058877794871e-01 1.886066353941790297e+01
2.248117724976665954e-01 1.878661619613592393e+01
2.264224453657348590e-01 1.884177598575057644e+01
2.280345119756148620e-01 1.882144065498874852e+01
2.296451783611601627e-01 1.879503676276226543e+01
2.312572449710472711e-01 1.880061698195680009e+01
2.328679178391155347e-01 1.883344610645387718e+01
2.344799779664796802e-01 1.884051201016915655e+01
2.366795164756894110e-01 1.883669440166065456e+01
2.382915766030535565e-01 1.882133916712789912e+01
2.399022494711218201e-01 1.886612998551875009e+01
2.415143160810089284e-01 1.882380655807420666e+01
2.431249889490700866e-01 1.882653773784076989e+01
2.447370490764342321e-01 1.885712104421549284e+01
2.463477219445024957e-01 1.890141711817861392e+01
2.479597885543896041e-01 1.886554496643201873e+01
2.495704614224507623e-01 1.883683442098312355e+01
2.511825215498149078e-01 1.885299351222302988e+01
2.527931944178831714e-01 1.887371323636125453e+01
2.544052610277702797e-01 1.888497849885311197e+01
2.560173211551344252e-01 1.895867990222941657e+01
2.576279940231955834e-01 1.895772387413274629e+01
2.592400606330826918e-01 1.889069979429378421e+01
2.608507335011509554e-01 1.890835756916217747e+01
2.624627936285151009e-01 1.896147164057983403e+01
2.640734664965762590e-01 1.898042010828348225e+01
2.656855331064633674e-01 1.899161727180083759e+01
2.672962059745316310e-01 1.896776559797277528e+01
2.689082661018957765e-01 1.898395514172890586e+01
2.705189389699569347e-01 1.907034231247930833e+01
2.721310055798440430e-01 1.902166351087847929e+01
2.737416784479123066e-01 1.904649046256193756e+01
2.753537385752764521e-01 1.898795847750538357e+01
2.769658051851564551e-01 1.900013466955424590e+01
2.785764780532247187e-01 1.902422918728555246e+01
2.801885381805888642e-01 1.901274247254798055e+01
2.817992110486571278e-01 1.905120286284710218e+01
2.834112776585371307e-01 1.903474408972473242e+01
2.850219505266053943e-01 1.898468867967158502e+01
2.866340106539695398e-01 1.891107816035283307e+01
2.882446835220378034e-01 1.898005469291563685e+01
2.898567501319178064e-01 1.904955313101238801e+01
2.914674229999860700e-01 1.901866359868548528e+01
2.930794831273502155e-01 1.899861451235100418e+01
2.946915497372302184e-01 1.907756310827207713e+01
2.963022226052984820e-01 1.905606521178035351e+01
2.979142827326626275e-01 1.904469957294365301e+01
2.995249556007308911e-01 1.899739482277555425e+01
3.011370222106108940e-01 1.893053279563759972e+01
3.027476950786791576e-01 1.894749126599830191e+01
3.043597552060433031e-01 1.896759232870969569e+01
3.059704280741115667e-01 1.896709962387983950e+01
3.075824946839915697e-01 1.894670943775441430e+01
3.091931610695439758e-01 1.901665269479986975e+01
3.108052276794239788e-01 1.902138533717452873e+01
3.124159005474922424e-01 1.907658635874978614e+01
3.140279671573722453e-01 1.904139501971293313e+01
3.156400272847363908e-01 1.901920264110214021e+01
3.178381720521414877e-01 1.894154283461653421e+01
3.194488449202026459e-01 1.897666803076410602e+01
3.210609050475667914e-01 1.902017048508800556e+01
3.226715779156350550e-01 1.895677114849382860e+01
3.242836445255221633e-01 1.896656324358490053e+01
3.258957046528792034e-01 1.894176938213946926e+01
3.275063775209474670e-01 1.898657309270706506e+01
3.291184441308345754e-01 1.902306600188114416e+01
3.307291169989028390e-01 1.900175524815024986e+01
3.323411771262598791e-01 1.907822267857774889e+01
3.339518499943281427e-01 1.911793117936118236e+01
3.355639166042152510e-01 1.911111641641710079e+01
3.371745894722835146e-01 1.903215799672978648e+01
3.387866495996405547e-01 1.899634727473680940e+01
3.403973224677088183e-01 1.902570095197393485e+01
3.420093890775959267e-01 1.902712126982368801e+01
3.436200619456641903e-01 1.906148491261324907e+01
3.452321220730283358e-01 1.903601788479530654e+01
3.468441886829083387e-01 1.907486491869986978e+01
3.484548615509766023e-01 1.906477774566107186e+01
3.500669216783407478e-01 1.905499418599304562e+01
3.516775945464090114e-01 1.905354919286109805e+01
3.532896611562890143e-01 1.911380527361110282e+01
3.549003340243572779e-01 1.906343975413739855e+01
3.565123941517214234e-01 1.910586193776636676e+01
3.581230670197896870e-01 1.919614009891563455e+01
3.597351336296696900e-01 1.912739368083787284e+01
3.613458000152149907e-01 1.903109199487876069e+01
3.629578666251020991e-01 1.905226549819708737e+01
3.645699332349821020e-01 1.908514925065439272e+01
3.661806061030503656e-01 1.911010262341025623e+01
3.677926662304145111e-01 1.912590927747395497e+01
3.694033390984827747e-01 1.908819367266795197e+01
3.710154057083627777e-01 1.913389260810733816e+01
3.726260720939151838e-01 1.910087975640890434e+01
3.742381387037951868e-01 1.905059344165286817e+01
3.758488115718634504e-01 1.901321673860946859e+01
3.774608781817434533e-01 1.897700843884431876e+01
3.790715445672958595e-01 1.913027565233498350e+01
3.806836111771758624e-01 1.916042822742272023e+01
3.822942840452441260e-01 1.922825545967740268e+01
3.839063441726082715e-01 1.917451913668613983e+01
3.855184107824882744e-01 1.913162338482126401e+01
3.871290836505565380e-01 1.915416735258725822e+01
3.887411502604436464e-01 1.914529163457724437e+01
3.903518166459889471e-01 1.914819531841135358e+01
3.919638832558689501e-01 1.917116152087740488e+01
3.935745561239372137e-01 1.922012715305335107e+01
3.951866162513013592e-01 1.923645940658235531e+01
3.967972891193696228e-01 1.914062600031778061e+01
3.989968276285864590e-01 1.918849007527202843e+01
4.006075004966547226e-01 1.918378156859479944e+01
4.022195606240117627e-01 1.917554626461170741e+01
4.038302334920800263e-01 1.919206671571403078e+01
4.054423001019671347e-01 1.911424622040479804e+01
4.070529729700353982e-01 1.911361559615373906e+01
4.086650330973924383e-01 1.912237444182433066e+01
4.102757059654607019e-01 1.912550465442134140e+01
4.118877725753478103e-01 1.899686099526426730e+01
4.134984389608931110e-01 1.899265343414582219e+01
4.151105055707731140e-01 1.898018113063400847e+01
4.167225721806602223e-01 1.892139599380778137e+01
4.183332450487284859e-01 1.898738059637540232e+01
4.199453051760926314e-01 1.898606932963860316e+01
4.215559780441537896e-01 1.896699714865177810e+01
4.231680446540408980e-01 1.895337425759518268e+01
4.247787110395861987e-01 1.895779537459457842e+01
4.263907776494733071e-01 1.893284829904042610e+01
4.280014505175415707e-01 1.896332875035080079e+01
4.296135171274215736e-01 1.900067499289759709e+01
4.312241835129668743e-01 1.904727557300628860e+01
4.328362501228539827e-01 1.901724201897042832e+01
4.344483167327339856e-01 1.900470932984267947e+01
4.360589831182792864e-01 1.905438910196200197e+01
4.376710497281663947e-01 1.906187261852240766e+01
4.392817225962346583e-01 1.900612811088032927e+01
4.408937892061146613e-01 1.900575848840439619e+01
4.425044555916599620e-01 1.886777715737161643e+01
4.441165222015470704e-01 1.885887889227663550e+01
4.457271950696153340e-01 1.889721089949780364e+01
4.473392551969794795e-01 1.886649897776605300e+01
4.489499280650406376e-01 1.890980182293393952e+01
4.505619946749277460e-01 1.893731787049512860e+01
4.521726675429960096e-01 1.885822865948277993e+01
4.537847276703601551e-01 1.889572498862953509e+01
4.553967942802401581e-01 1.894674295507488182e+01
4.570074671483084217e-01 1.902828363854658278e+01
4.586195272756725672e-01 1.895833454093029857e+01
4.602302001437408308e-01 1.891572299369755683e+01
4.618422667536208337e-01 1.890592636115925629e+01
4.634529396216890973e-01 1.891862882108714317e+01
4.650649997490532428e-01 1.892010564084746349e+01
4.666756726171215064e-01 1.896277558575054556e+01
4.682877392270015093e-01 1.885445796952436126e+01
4.698984120950697729e-01 1.878735193864543973e+01
4.715104722224339184e-01 1.872717680102352489e+01
4.731211450905021820e-01 1.870864065360990125e+01
4.747332117003821850e-01 1.865305069910660052e+01
4.763452718277463305e-01 1.867889902266251667e+01
4.779559446958145941e-01 1.875040997752183358e+01
4.801735759185632446e-01 1.873834644362876389e+01
4.817856425284432476e-01 1.871875901672964559e+01
4.833963153965115112e-01 1.873049298698190057e+01
4.850083755238756567e-01 1.875082738900490398e+01
4.866204421337556596e-01 1.879780245966760077e+01
4.882311150018239232e-01 1.875045587428380145e+01
4.898431816117110316e-01 1.878631064097828940e+01
4.914538479972563323e-01 1.881007676671880091e+01
4.930659146071363352e-01 1.881007347757784842e+01
4.946765874752045988e-01 1.884711948201381304e+01
4.962886476025687443e-01 1.876141066137302715e+01
4.978993204706370079e-01 1.880676616410381286e+01
4.995113870805170109e-01 1.880478635587407510e+01
5.011220599485852745e-01 1.884908712480827830e+01
5.027341200759494200e-01 1.877061940567434917e+01
5.043447929440176836e-01 1.882703348983363156e+01
5.059568595538976865e-01 1.878492311421511118e+01
5.075689196812618320e-01 1.882525724915638676e+01
5.091795925493300956e-01 1.877052739768083001e+01
5.107916591592172040e-01 1.872249822373047579e+01
5.124023320272854676e-01 1.865702870195476137e+01
5.140143921546425076e-01 1.858674552306584715e+01
5.156250650227107712e-01 1.861142748662383894e+01
5.172371316325978796e-01 1.868260138874777354e+01
5.188478045006661432e-01 1.873663503344242187e+01
5.204598646280231833e-01 1.869344267914171098e+01
5.220705374960914469e-01 1.868151261683492947e+01
5.236826041059785553e-01 1.867577144836101155e+01
5.252946642333427008e-01 1.855273582480334937e+01
5.269053371014038589e-01 1.857788292830924348e+01
5.285174037112909673e-01 1.863223272793118568e+01
5.301280765793592309e-01 1.861735892047908791e+01
5.317401367067233764e-01 1.862243015251193512e+01
5.333508095747845346e-01 1.859539954818513152e+01
5.349628761846716429e-01 1.855720286843310518e+01
5.365735490527399065e-01 1.864764231252351223e+01
5.381856091801040520e-01 1.854640605685566612e+01
5.397962820481723156e-01 1.851328089877114991e+01
5.414083486580523186e-01 1.839263713070767636e+01
5.430190215261205822e-01 1.843294594968245903e+01
5.446310816534847277e-01 1.843002475195573098e+01
5.462431482633647306e-01 1.842607844061158318e+01
5.478538211314329942e-01 1.845049224011188471e+01
5.494658812587971397e-01 1.838916137330803480e+01
5.510765541268654033e-01 1.836655582108574336e+01
5.526886207367454062e-01 1.834091183661598023e+01
5.542992936048136698e-01 1.845480379482827971e+01
5.559113537321778153e-01 1.842105821697949608e+01
5.575220266002460789e-01 1.841246999646288174e+01
5.591340932101260819e-01 1.834227947742468245e+01
5.613322314950082159e-01 1.834184412667112696e+01
5.629442981048882189e-01 1.830886681664099669e+01
5.645549709729564825e-01 1.829165111536801192e+01
5.661670311003206280e-01 1.815545293439963359e+01
5.677777039683888916e-01 1.822550721257649187e+01
5.693897705782688945e-01 1.830076800048923857e+01
5.710004434463371581e-01 1.823259936748366883e+01
5.726125035737013036e-01 1.823017598169478504e+01
5.742231764417695672e-01 1.830955763026539174e+01
5.758352430516495701e-01 1.819912721741486905e+01
5.774473031790137156e-01 1.819553837906886073e+01
5.790579760470819792e-01 1.815336695790766086e+01
5.806700426569690876e-01 1.821256912395894290e+01
5.822807155250302458e-01 1.828974454567969943e+01
5.838927756523943913e-01 1.820134977958354483e+01
5.855034485204626549e-01 1.819780134531083604e+01
5.871155151303497632e-01 1.818041026055797715e+01
5.887261879984109214e-01 1.826073534310812718e+01
5.903382481257750669e-01 1.825911642287946535e+01
5.919489209938433305e-01 1.822489636992044382e+01
5.935609876037304389e-01 1.833568996223751313e+01
5.951730477310945844e-01 1.837428968121864159e+01
5.967837205991557425e-01 1.833724426956019471e+01
5.983957872090428509e-01 1.834326436894473744e+01
6.000064600771111145e-01 1.836775099411086387e+01
6.016185202044752600e-01 1.838291443176483497e+01
6.032291930725364182e-01 1.831179438617364852e+01
6.048412596824235266e-01 1.824255824128772829e+01
6.064519325504917902e-01 1.832536468527787576e+01
6.080639926778559357e-01 1.828527712002707162e+01
6.096746655459170938e-01 1.827260136725993789e+01
6.112867321558042022e-01 1.823593340976440658e+01
6.128973985413495029e-01 1.827657713599904099e+01
6.145094651512366113e-01 1.823620468584989851e+01
6.161215317611166142e-01 1.818496000929007295e+01
6.177322046291848778e-01 1.824855893515942995e+01
6.193442647565490233e-01 1.816273349308948326e+01
6.209549376246172869e-01 1.816295666389182273e+01
6.225670042344972899e-01 1.812026166108695335e+01
6.241776706200425906e-01 1.806624612600634094e+01
6.257897372299296990e-01 1.806375706110786084e+01
6.274004100979979626e-01 1.814106573044163184e+01
6.290124767078779655e-01 1.819140990106826550e+01
6.306231430934232662e-01 1.824154815393743689e+01
6.322352097033103746e-01 1.826914769336596223e+01
6.338458825713786382e-01 1.835436754396963721e+01
6.354579426987427837e-01 1.844905164661652819e+01
6.370700093086227866e-01 1.844881118589856683e+01
6.386806821766910502e-01 1.848020076905968878e+01
6.402927487865710532e-01 1.845445842290122229e+01
6.425006302991249640e-01 1.847321817477662265e+01
6.441113031671932276e-01 1.847460407261931081e+01
6.457233697770803360e-01 1.849281351445304367e+01
6.473354363869603390e-01 1.844725261086203005e+01
6.489461027725056397e-01 1.844703541475155006e+01
6.505581693823927480e-01 1.840548188353388070e+01
6.521688422504610116e-01 1.842489043022949957e+01
6.537809023778180517e-01 1.848343738882669030e+01
6.553915752458863153e-01 1.840686804921167052e+01
6.570036418557734237e-01 1.847493344105359014e+01
6.586143147238416873e-01 1.853010674762435883e+01
6.602263748512058328e-01 1.844055778941975987e+01
6.618370477192669910e-01 1.845078251806798519e+01
6.634491143291540993e-01 1.850499383724527291e+01
6.650597871972223629e-01 1.841542074663115969e+01
6.666718473245865084e-01 1.843019115403397734e+01
6.682839139344665114e-01 1.837670829453733390e+01
6.698945868025347750e-01 1.838197949498853134e+01
6.715066469298989205e-01 1.841304617932656740e+01
6.731173197979671841e-01 1.842830060135053216e+01
6.747293864078471870e-01 1.843577169318213294e+01
6.763400592759154506e-01 1.849045690171180922e+01
6.779521194032795961e-01 1.843796139101505460e+01
6.795627922713478597e-01 1.843319712898877327e+01
6.811748588812278626e-01 1.842952201126730216e+01
6.827855317492961262e-01 1.841398996488955220e+01
6.843975918766602717e-01 1.848281850486569056e+01
6.860096584865402747e-01 1.848978228085270459e+01
6.876203313546085383e-01 1.853162861174019582e+01
6.892323914819726838e-01 1.849697730417772235e+01
6.908430643500409474e-01 1.844413208949805849e+01
6.924551309599209503e-01 1.847161063854742125e+01
6.940658038279892139e-01 1.845680271763388447e+01
6.956778639553533594e-01 1.852331675577064019e+01
6.972885368234216230e-01 1.847200640848478415e+01
6.989006034333016260e-01 1.849592314442122643e+01
7.005112763013698896e-01 1.849819253163813570e+01
7.021233364287340351e-01 1.848310867066857455e+01
7.037340092968022986e-01 1.845619925797049277e+01
7.053460759066823016e-01 1.845873085933265045e+01
7.069581360340464471e-01 1.847483529323839946e+01
7.085688089021147107e-01 1.860021689088190300e+01
7.101808755120018191e-01 1.858927008569543204e+01
7.117915483800629772e-01 1.858171776719266788e+01
7.134036085074271227e-01 1.856830899345956354e+01
7.150142813754953863e-01 1.860774170157260343e+01
7.166263479853824947e-01 1.859788050573796170e+01
7.182370143709277954e-01 1.862960765818476716e+01
7.198490809808077984e-01 1.862597890134495771e+01
7.214597538488760620e-01 1.857340936380134977e+01
7.236662481021340909e-01 1.857161746386460521e+01
7.252769209702023545e-01 1.865238491372765139e+01
7.268889875800823575e-01 1.859204586503452106e+01
7.284996539656347636e-01 1.860020004245552627e+01
7.301117205755147666e-01 1.857160161503592377e+01
7.317223934435830301e-01 1.862936627398987710e+01
7.333344600534630331e-01 1.862205934145199393e+01
7.349451264390154392e-01 1.866561372421755749e+01
7.365571930488954422e-01 1.863203850295867525e+01
7.381692596587825506e-01 1.857029620161468131e+01
7.397799260443278513e-01 1.861013544859306279e+01
7.413919926542078542e-01 1.857771667467898169e+01
7.430026655222761178e-01 1.862045697498904673e+01
7.446147321321632262e-01 1.866871586807305050e+01
7.462253985177085269e-01 1.864824148649235269e+01
7.478374651275885299e-01 1.864049390511795679e+01
7.494481379956567935e-01 1.858779566418515827e+01
7.510601981230209390e-01 1.864638218999844810e+01
7.526708709910892026e-01 1.854198395957742207e+01
7.542829376009692055e-01 1.859852900355517136e+01
7.558950042108563139e-01 1.862673985928373810e+01
7.575056705964016146e-01 1.872028705882086541e+01
7.591177372062887230e-01 1.869092164429598668e+01
7.607284100743498811e-01 1.869110578822151680e+01
7.623404702017140266e-01 1.869015087702483413e+01
7.639511430697822902e-01 1.875709115020811169e+01
7.655632096796693986e-01 1.883557414652478812e+01
7.671738825477305568e-01 1.867440577852202210e+01
7.687859426750947023e-01 1.884013752170448086e+01
7.703966155431629659e-01 1.911457910149237804e+01
7.720086821530500742e-01 1.918497448060270116e+01
7.736193550211112324e-01 1.920173710694285063e+01
7.752314151484753779e-01 1.916466430232502205e+01
7.768434817583624863e-01 1.909230388284420243e+01
7.784541546264307499e-01 1.906964326391394948e+01
7.800662147537877900e-01 1.916933679243714295e+01
7.816768876218560536e-01 1.913372138881954498e+01
7.832889542317431619e-01 1.921004885235480941e+01
7.848996270998114255e-01 1.911115754175568782e+01
7.865116872271755710e-01 1.921863627782312633e+01
7.881223600952367292e-01 1.915739742261765244e+01
7.897344267051238376e-01 1.919744537415821384e+01
7.913450995731921012e-01 1.925608938837919837e+01
7.929571597005562467e-01 1.929318103189101663e+01
7.945678325686174048e-01 1.925468564076080824e+01
7.961798991785045132e-01 1.930629362067884713e+01
7.977919593058686587e-01 1.932613892358966012e+01
7.994026321739369223e-01 1.923157078619339444e+01
8.010146987838169252e-01 1.938643874572938941e+01
8.026253716518851888e-01 1.916632264214442216e+01
8.048499651011908895e-01 1.922890854688892759e+01
8.064620252285550350e-01 1.929185794338920701e+01
8.080740918384421434e-01 1.930261995403461839e+01
8.096847647065033016e-01 1.936520949392653534e+01
8.112968248338674471e-01 1.935300890676668928e+01
8.129074977019357107e-01 1.949242702880821554e+01
8.145195643118228190e-01 1.939085482122473891e+01
8.161302371798839772e-01 1.941845179367565422e+01
8.177422973072481227e-01 1.939835701400385659e+01
8.193529701753163863e-01 1.929794340043338963e+01
8.209650367852034947e-01 1.939038321800425635e+01
8.225757031707487954e-01 1.931241643831291555e+01
8.241877697806287983e-01 1.934126623777263987e+01
8.257984426486970619e-01 1.933479486219581034e+01
8.274105092585841703e-01 1.926730110291057585e+01
8.290225693859483158e-01 1.924459998768220004e+01
8.306332422540094740e-01 1.921032597388139251e+01
8.322453088638965824e-01 1.926070299044771872e+01
8.338559752494418831e-01 1.916172584570187709e+01
8.354680418593289914e-01 1.922475210558153691e+01
8.370787147273901496e-01 1.918585291673593218e+01
8.386907813372772580e-01 1.921602450780202886e+01
8.403014477228225587e-01 1.918138774805732893e+01
8.419135143327096671e-01 1.915547701794720226e+01
8.435241872007708253e-01 1.915710462770323730e+01
8.451362473281349708e-01 1.912938056449874225e+01
8.467483139380220791e-01 1.908201245241170341e+01
8.483589868060903427e-01 1.902593891500879053e+01
8.499710534159703457e-01 1.898602616903734841e+01
8.515817198015156464e-01 1.879023853573682601e+01
8.531937864114027548e-01 1.879497237899695605e+01
8.548044592794710184e-01 1.888808844734900205e+01
8.564165194068351639e-01 1.890874303874054974e+01
8.580271922748963220e-01 1.876319105755574412e+01
8.596392588847834304e-01 1.880189339128516934e+01
8.612499317528516940e-01 1.884125253983361503e+01
8.628619918802158395e-01 1.886504502836276842e+01
8.644726647482769977e-01 1.885075816125243620e+01
8.660847313581641060e-01 1.877158611493627305e+01
8.676967914855282515e-01 1.875539596842596879e+01
8.693074643535965151e-01 1.878383496012985532e+01
8.709195309634765181e-01 1.883220113649936422e+01
8.725302038315447817e-01 1.881877433985738790e+01
8.741422639589089272e-01 1.875081373769402759e+01
8.757529368269771908e-01 1.880532131676579866e+01
8.773650034368571937e-01 1.880269366047940949e+01
8.789756763049254573e-01 1.878029820651206094e+01
8.805877364322896028e-01 1.885539292456403260e+01
8.821984093003578664e-01 1.880240709348645467e+01
8.838104759102378694e-01 1.869720406151356329e+01
8.860253196493559358e-01 1.857734936942174286e+01
8.876373862592359387e-01 1.857603314251231552e+01
8.892480591273042023e-01 1.847643120459274968e+01
8.908601192546683478e-01 1.856131293665545101e+01
8.924707921227366114e-01 1.865456299794662698e+01
8.940828587326166144e-01 1.867517687408672344e+01
8.956935316006848780e-01 1.865490783501519800e+01
8.973055917280490235e-01 1.857702314337852556e+01
8.989176583379290264e-01 1.863039922700642137e+01
9.005283312059972900e-01 1.858807556317958642e+01
9.021403913333614355e-01 1.849618110106412772e+01
9.037510642014296991e-01 1.846373822535959874e+01
9.053631308113097020e-01 1.850354469892431908e+01
9.069738036793779656e-01 1.846674514613738083e+01
9.085858638067421111e-01 1.843259574608796925e+01
9.101965366748103747e-01 1.843328771281187528e+01
9.118086032846903777e-01 1.834588527758110388e+01
9.134192761527586413e-01 1.837473082290203408e+01
9.150313362801227868e-01 1.844628136649107475e+01
9.166420091481910504e-01 1.847609989509426498e+01
9.182540757580710533e-01 1.847043877700094328e+01
9.198661358854351988e-01 1.845535883233085528e+01
9.214768087535034624e-01 1.843573265373729342e+01
9.230888753633905708e-01 1.840321550734633860e+01
9.246995482314517290e-01 1.848128947745104966e+01
9.263116083588158745e-01 1.847830643874939227e+01
9.279222812268841381e-01 1.836886792568294524e+01
9.295343478367712464e-01 1.832091755878384731e+01
9.311450207048324046e-01 1.833094044331371819e+01
9.327570808321965501e-01 1.836013501629576439e+01
9.343677537002648137e-01 1.826028638206518195e+01
9.359798203101519221e-01 1.831314020771229778e+01
9.375918804375160676e-01 1.827530754080856923e+01
9.392025533055772257e-01 1.827989649670770334e+01
9.408146199154643341e-01 1.836779954938986492e+01
9.424252927835325977e-01 1.837891178767572242e+01
9.440373529108967432e-01 1.841264914783702267e+01
9.456480257789579014e-01 1.837147982533760171e+01
9.472600923888450097e-01 1.834491121264299807e+01
9.488707652569132733e-01 1.837581739916463519e+01
9.504828253842774188e-01 1.845197391907976936e+01
9.520934982523385770e-01 1.841024928101439073e+01
9.537055648622256854e-01 1.829726917442841483e+01
9.553162377302939490e-01 1.828391731760692807e+01
9.569282978576580945e-01 1.835074941696660034e+01
9.585403644675380974e-01 1.834503571990102344e+01
9.601510373356063610e-01 1.821836389859908323e+01
9.617630974629705065e-01 1.820483617643808927e+01
9.633737703310387701e-01 1.813755933190265779e+01
9.649858369409187731e-01 1.852534641338949939e+01
9.671839752258009071e-01 1.938481505916535497e+01
9.687960418356809100e-01 1.930215215698331122e+01
9.704067147037491736e-01 1.942567611596643218e+01
9.720187748311133191e-01 1.944896313631116413e+01
9.736294476991815827e-01 1.952028043704623883e+01
9.752415143090615857e-01 1.963147585629881320e+01
9.768521871771298493e-01 1.960544278803314455e+01
9.784642473044939948e-01 1.966218474876197320e+01
9.800749201725622584e-01 1.972645464799090576e+01
9.816869867824422613e-01 1.981991959242817813e+01
9.832976596505105249e-01 2.020091300859748884e+01
9.849097197778746704e-01 2.061541724481681115e+01
9.865203926459429340e-01 2.087382116031258050e+01
3.325215382879065373e-02 1.907693968146141117e+01
3.486422043867065668e-02 1.878341813547540795e+01
3.647488682421595740e-02 1.876688337105560578e+01
3.808695343410306577e-02 1.880246327959096320e+01
3.969762630217132937e-02 1.878801032845540675e+01
4.130969291205133231e-02 1.880894946118084121e+01
4.292035929759663304e-02 1.887406936604698515e+01
4.453242590748374141e-02 1.876605267143120415e+01
4.614309877555200501e-02 1.864760128918154791e+01
1.312692705614324495e-01 1.859658626558559291e+01
1.328813306887965950e-01 1.857570652728975347e+01
1.344933972986765980e-01 1.858607122992313521e+01
1.361040701667448616e-01 1.859385089259339097e+01
1.377161302941090071e-01 1.858894642803770836e+01
1.393268031621772707e-01 1.863867149849897231e+01
1.409388697720643790e-01 1.871302891800139179e+01
1.425495426401255372e-01 1.873333467764995319e+01
1.441616027674896827e-01 1.876222790341011404e+01
1.457722756355579463e-01 1.876232968044440597e+01
1.473843422454450547e-01 1.874410027545027546e+01
1.489950151135062129e-01 1.876874702941891115e+01
1.506070752408703584e-01 1.876835097365818683e+01
1.522191418507574667e-01 1.877688767983104512e+01
1.538298147188257303e-01 1.875080076289557240e+01
1.554418748461827704e-01 1.871512213030083771e+01
1.570525477142510340e-01 1.874481725124251241e+01
1.586646143241381424e-01 1.878437593434491149e+01
1.602752871922064060e-01 1.876978323901320067e+01
1.618873473195705515e-01 1.874422836377794610e+01
1.634980201876317096e-01 1.872380077370696227e+01
1.651100867975188180e-01 1.870829353322161026e+01
1.667207531830641187e-01 1.876093333824611165e+01
1.683328197929512271e-01 1.871821195566484164e+01
1.699434926610123853e-01 1.873730839773653400e+01
1.715555592708994936e-01 1.875155765944627007e+01
1.731676193982636391e-01 1.871077349233846832e+01
1.747782922663319027e-01 1.870919429727987904e+01
1.763903588762119057e-01 1.872882428189245019e+01
1.780010252617572064e-01 1.870639197871568626e+01
1.796130918716443148e-01 1.869250756938863844e+01
1.812237647397125784e-01 1.869639470545365256e+01
1.828358313495925813e-01 1.871372521667144539e+01
1.844464977351378820e-01 1.872102177336077489e+01
1.860585643450249904e-01 1.874058515221235410e+01
1.876692372130932540e-01 1.871592411386153998e+01
1.892812973404573995e-01 1.872280027451243356e+01
1.908919702085185577e-01 1.875286471170919356e+01
1.925040368184056661e-01 1.862835176356626832e+01
1.941161034282856690e-01 1.867404652005413368e+01
1.957267698138380752e-01 1.871192066334782211e+01