1.696448490180486601e-01 1.864240605850725885e+01
1.712555218861169237e-01 1.866601791769641139e+01
1.728675820134810692e-01 1.854933190740835514e+01
1.744782548815493328e-01 1.860674500133833931e+01
1.760903214914293358e-01 1.856241437446904285e+01
1.777009943594975994e-01 1.857167809345401110e+01
1.793130544868617449e-01 1.860014005863065023e+01
1.809237273549300085e-01 1.864478043069723157e+01
1.825357939648100114e-01 1.861482746666089483e+01
1.841464668328782750e-01 1.858845895299927165e+01
1.857585269602424205e-01 1.857063341516918342e+01
1.873691998283106841e-01 1.859770415341789018e+01
1.889812664381906870e-01 1.856939361547390988e+01
1.905919393062589506e-01 1.860265499034442982e+01
1.922039994336230961e-01 1.862569525868181231e+01
1.938146723016913597e-01 1.857341646640960775e+01
1.954267389115713627e-01 1.862047113034221013e+01
1.970387990389355082e-01 1.860031591877514501e+01
1.986494719070037718e-01 1.860533156332576254e+01
2.002615385168837747e-01 1.859101081417943391e+01
2.018722113849520383e-01 1.854699799504672342e+01
2.034842715123161838e-01 1.856649215039265499e+01
2.050949443803844474e-01 1.855669333941937538e+01
2.067070109902644504e-01 1.863211337249109789e+01
2.083176838583327140e-01 1.864088022458635052e+01
2.099297439856968595e-01 1.863163191798614449e+01
2.115404168537651231e-01 1.861324168252224709e+01
2.131524834636451260e-01 1.859363810000865058e+01
2.147631563317133896e-01 1.857927989708358041e+01
2.163752164590775351e-01 1.858611142479966816e+01
2.179858893271457987e-01 1.859506957948880768e+01
2.195979559370258016e-01 1.865274710878168207e+01
2.212086223225782078e-01 1.861232360132214581e+01
2.228206889324582107e-01 1.850527964108524870e+01
2.244327555423453191e-01 1.856915156614847717e+01
2.260434284104064773e-01 1.865821088702150732e+01
2.276554885377706228e-01 1.859941633108991255e+01
2.292661614058388864e-01 1.866706020229996099e+01
2.308782280157259947e-01 1.875531544434804587e+01
2.324888944012712955e-01 1.861935458257479326e+01
2.341009610111512984e-01 1.864246724309881742e+01
2.357116338792195620e-01 1.863029061354059479e+01
2.373237004891066704e-01 1.862972259402579311e+01
2.389343668746519711e-01 1.864051898111155836e+01
2.405464334845319740e-01 1.866924226990904856e+01
2.421571063526002376e-01 1.862688992604893201e+01
2.437691664799643831e-01 1.865290815599670537e+01
2.453798393480326467e-01 1.866324675918603404e+01
2.469919059579126497e-01 1.869693437793254276e+01
2.486025788259809133e-01 1.865812842694514728e+01
2.502146389533450588e-01 1.870674012040024081e+01
2.518253118214133224e-01 1.861728756321320688e+01
2.534373784312933253e-01 1.868080267196181055e+01
2.550494385586574708e-01 1.869047659457950417e+01
2.566601114267257344e-01 1.872625166207271619e+01
2.582721780366128428e-01 1.871457032238618368e+01
2.598828509046811064e-01 1.871971711166235153e+01
2.614949110320381465e-01 1.874696347966264653e+01
2.631055839001064101e-01 1.866600756513100734e+01
2.647176505099935184e-01 1.869975511380346944e+01
2.663283233780617820e-01 1.872617857137118591e+01
2.679403835054188221e-01 1.872769292120510443e+01
2.695510563734870857e-01 1.875677465867061855e+01
2.711631229833741941e-01 1.879416270031758884e+01
2.727737958514424577e-01 1.875281968505825603e+01
2.743858559787994977e-01 1.873081437728373899e+01
2.759965288468677613e-01 1.871453696428434554e+01
2.776085954567548697e-01 1.876773598258031939e+01
2.792192683248231333e-01 1.873538009395603510e+01
2.808313284521801734e-01 1.881133839221215354e+01
2.824433950620672817e-01 1.886382162282793828e+01
2.840540679301355453e-01 1.877552693335846357e+01
2.856661280574996908e-01 1.876719431626810675e+01
2.872768009255679544e-01 1.877417587492005069e+01
2.888888675354479574e-01 1.874702448716360692e+01
2.904995404035162210e-01 1.878059479670121235e+01
2.921116005308803665e-01 1.874324838772388802e+01
2.937222733989486301e-01 1.871264995923542074e+01
2.953343400088286330e-01 1.872200876369726075e+01
2.969450063943739337e-01 1.872021376197325182e+01
2.985570730042610421e-01 1.871699784290484203e+01
3.001677458723293057e-01 1.872508632682977847e+01
3.017798124822093087e-01 1.866146892820172454e+01
3.033904788677546094e-01 1.866697059819514948e+01
3.050025454776417178e-01 1.861734543244391560e+01
3.066132183457099813e-01 1.873402374072502852e+01
3.082252784730670214e-01 1.876694782295316344e+01
3.098373450829541298e-01 1.871703230979030508e+01
3.114480179510223934e-01 1.871472571995811407e+01
3.130600845609023963e-01 1.865141632751135248e+01
3.146707509464548025e-01 1.857061301959138788e+01
3.162828175563348054e-01 1.861550616145652626e+01
3.178934904244030690e-01 1.867093251358378581e+01
3.195055505517672145e-01 1.871285639394543310e+01
3.211162234198354781e-01 1.871448650281289261e+01
3.227282900297154811e-01 1.870321571692890927e+01
3.243389628977837447e-01 1.870907436287569681e+01
3.259510230251478902e-01 1.865177532617342138e+01
3.275616958932161538e-01 1.868063907878867269e+01
3.291737625030961567e-01 1.869470333481308444e+01
3.313677260450447193e-01 1.875032739136592141e+01
3.329797926549318277e-01 1.881291968821178529e+01
3.345904655230000913e-01 1.878378259966647335e+01
3.362025256503642368e-01 1.872727616171071574e+01
3.378131985184253949e-01 1.871645437788266975e+01
3.394252651283125033e-01 1.868765371046551138e+01
3.410359379963807669e-01 1.865892598644807876e+01
3.426479981237449124e-01 1.873336670089494405e+01
3.442586709918060706e-01 1.876644026104607121e+01
3.458707376016931789e-01 1.869741981992178026e+01
3.474814104697614425e-01 1.863692999856913701e+01
3.490934705971255880e-01 1.863797791990051422e+01
3.507055372070055910e-01 1.870126786348343373e+01
3.523162100750738546e-01 1.871965903922766472e+01
3.539282702024380001e-01 1.871077430969528166e+01
3.555389430705062637e-01 1.865622009066477460e+01
3.571510096803862666e-01 1.862247086250899386e+01
3.587616825484545302e-01 1.868894712919466983e+01
3.603737426758186757e-01 1.876868097770725186e+01
3.619844155438869393e-01 1.877492516812821322e+01
3.635964821537669422e-01 1.873645196315093742e+01
3.652071550218352058e-01 1.871678667132316320e+01
3.668192151491993513e-01 1.869115165921542143e+01
3.684298880172676149e-01 1.868783526473459489e+01
3.700419546271476179e-01 1.866064239115159751e+01
3.716526210126929186e-01 1.869317375635006684e+01
3.732646876225800270e-01 1.871923099323764106e+01
3.748753604906482906e-01 1.876734054834141219e+01
3.764874271005282935e-01 1.873992682607638827e+01
3.780994872278924390e-01 1.872645392704670542e+01
3.797101600959607026e-01 1.873833113379017234e+01
3.813222267058407056e-01 1.879734232264535621e+01
3.829328930913931117e-01 1.878784536113739279e+01
3.845449597012731147e-01 1.878585343407333852e+01
3.861556325693413783e-01 1.875328687460901023e+01
3.877676991792213812e-01 1.878632939269102309e+01
3.893783655647737874e-01 1.878969418917818857e+01
3.909904321746537903e-01 1.875170353885659225e+01
3.926011050427220539e-01 1.869560750387386605e+01
3.942131651700861994e-01 1.880394599093980190e+01
3.958238380381544630e-01 1.870151821144878213e+01
3.974359046480344659e-01 1.867138834607638387e+01
3.990465775161027295e-01 1.866106254854050306e+01
4.006586376434668750e-01 1.869488645712944574e+01
4.022693105115351386e-01 1.872321594284735369e+01
4.038813771214151416e-01 1.870527951336084627e+01
4.054920499894834052e-01 1.878545265231315753e+01
4.071041101168475507e-01 1.866458326747071439e+01
4.087161767267275536e-01 1.872227616786905102e+01
4.103268495947958172e-01 1.878463319335061854e+01
4.125263816214967960e-01 1.877796874698335827e+01
4.141384482313767990e-01 1.876960307411822271e+01
4.157491210994450626e-01 1.881812350643840759e+01
4.173611812268092081e-01 1.884161079154791452e+01
4.189718540948774717e-01 1.883461897042550959e+01
4.205839207047574746e-01 1.881972798565433891e+01
4.221945935728257382e-01 1.876994453961536635e+01
4.238066537001898837e-01 1.875230742183126154e+01
4.254173265682581473e-01 1.880154546937191284e+01
4.270293931781381502e-01 1.884922382089924753e+01
4.286400660462064138e-01 1.882924937134820098e+01
4.302521261735705593e-01 1.879799964551477487e+01
4.318627990416388229e-01 1.885085714946471569e+01
4.334748656515188259e-01 1.887227405281051418e+01
4.350855320370641266e-01 1.892335033188383164e+01
4.366975986469512350e-01 1.893349023535585118e+01
4.383082715150194986e-01 1.888678014930529869e+01
4.399203381248995015e-01 1.888615208908318266e+01
4.415323982522636470e-01 1.883811064651144562e+01
4.431430711203319106e-01 1.891683993943175324e+01
4.447551377302119135e-01 1.886161416419967907e+01
4.463658041157643197e-01 1.893220252951536864e+01
4.479778707256443226e-01 1.883778827026234737e+01
4.495885435937125862e-01 1.876549582524130244e+01
4.512006102035925892e-01 1.881485425613732332e+01
4.528112765891449953e-01 1.884497409026112891e+01
4.544233431990249983e-01 1.889978984013065144e+01
4.560340160670932619e-01 1.880944256076566745e+01
4.576460761944574074e-01 1.884050333042014813e+01
4.592567490625256710e-01 1.880953542340641604e+01
4.608688156724056739e-01 1.883879468305788052e+01
4.624794885404739375e-01 1.878295897305407181e+01
4.640915486678380830e-01 1.874768340271511491e+01
4.657022215359063466e-01 1.876750955269695709e+01
4.673142881457863496e-01 1.875599316178228193e+01
4.689263482731504951e-01 1.881008161740385276e+01
4.705370211412187587e-01 1.881497874283187599e+01
4.721490877510987616e-01 1.878058842520296068e+01
4.737597606191670252e-01 1.879474410840278864e+01
4.753718207465311707e-01 1.869403471654739235e+01
4.769824936145994343e-01 1.876243691563091787e+01
4.785945602244794372e-01 1.872297301021257354e+01
4.802052330925477008e-01 1.870031373983676559e+01
4.818172932199118463e-01 1.870854256838995155e+01
4.834279660879801099e-01 1.871053650361236009e+01
4.850400326978601129e-01 1.874237241497094786e+01
4.866507055659283765e-01 1.872640781752446770e+01
4.882627656932925220e-01 1.871153636817599519e+01
4.898734385613607856e-01 1.870613947355807127e+01
4.914855051712407885e-01 1.871942392863521221e+01
4.936794687131964565e-01 1.867341854589611216e+01
4.952901415812647201e-01 1.859294760875609143e+01
4.969022081911447231e-01 1.858777078649147185e+01
4.985128745766900238e-01 1.850700301331729136e+01
5.001249411865771322e-01 1.848018625143290095e+01
5.017356140546453958e-01 1.845324122248016607e+01
5.033476806645253987e-01 1.852591398292907598e+01
5.049597407918895442e-01 1.845472021661828776e+01
5.065704136599578078e-01 1.850586654707126755e+01
5.081824802698378107e-01 1.842718811917773536e+01
5.097931466553831115e-01 1.846378910453085354e+01
5.114052132652702198e-01 1.837428468045756347e+01
5.130158861333384834e-01 1.824607880192488452e+01
5.146279527432184864e-01 1.826358966332273681e+01
5.162386191287708925e-01 1.836994759278403322e+01
5.178506857386508955e-01 1.836804290120422323e+01
5.194613586067191591e-01 1.830265771366222793e+01
5.210734187340833046e-01 1.825287704333087646e+01
5.226840916021515682e-01 1.826157481823561923e+01
5.242961582120315711e-01 1.817581309456652860e+01
5.259068310800998347e-01 1.811561698903550521e+01
5.275188912074639802e-01 1.825213298819015506e+01
5.291295640755322438e-01 1.831549174919867085e+01
5.307416306854122467e-01 1.839415181632141838e+01
5.323536908127763922e-01 1.839367552845107312e+01
5.339643636808446558e-01 1.838844803800191841e+01
5.355764302907246588e-01 1.833161977909110263e+01
5.371871031587929224e-01 1.822213308978939850e+01
5.387991632861570679e-01 1.828031558522877020e+01
5.404098361542253315e-01 1.823850269990072093e+01
5.420219027641053344e-01 1.815700312980671782e+01
5.436325756321735980e-01 1.814689474758140975e+01
5.452446357595377435e-01 1.820705132926761749e+01
5.468553086276060071e-01 1.831851893535582931e+01
5.484673752374860101e-01 1.836012680783300155e+01
5.500780481055542737e-01 1.834758193008723737e+01
5.516901082329184192e-01 1.835258946960297166e+01
5.533007811009866828e-01 1.838965009835968800e+01
5.549128477108666857e-01 1.835693001507821620e+01
5.565235205789349493e-01 1.824756793811562261e+01
5.581355807062990948e-01 1.821119535548249857e+01
5.597462535743673584e-01 1.829746809931369000e+01
5.613583201842473613e-01 1.834018451770640112e+01
5.629703803116115068e-01 1.828834370873755333e+01
5.645810531796797704e-01 1.812602707070778507e+01
5.661931197895668788e-01 1.820595250549117594e+01
5.678037926576280370e-01 1.817976725666628468e+01
5.694158527849921825e-01 1.825564060387874221e+01
5.710265256530604461e-01 1.823247440853661416e+01
5.726385922629475544e-01 1.814930512326372991e+01
5.748325558048961170e-01 1.817455720158101329e+01
5.764432286729643806e-01 1.810868652082428909e+01
5.780552952828443836e-01 1.814989489671625833e+01
5.796659616683896843e-01 1.815948134853066520e+01
5.812780282782767927e-01 1.817051439059746087e+01
5.828887011463450563e-01 1.818103000898927135e+01
5.845007612737092018e-01 1.808668522518526345e+01
5.861114341417774654e-01 1.809495848362138659e+01
5.877235007516574683e-01 1.808706371642495725e+01
5.893341736197257319e-01 1.813919682930817245e+01
5.909462337470898774e-01 1.808142913294513932e+01
5.925569066151581410e-01 1.800276467393483415e+01
5.941689732250381439e-01 1.807618389165652317e+01
5.957810333524022894e-01 1.809363679072783526e+01
5.973917062204705530e-01 1.805869750659006456e+01
5.990037728303505560e-01 1.802222605657578214e+01
6.006144456984188196e-01 1.798978246413579640e+01
6.022265058257829651e-01 1.803258143531308022e+01
6.038371786938512287e-01 1.797834974412901943e+01
6.054492453037312316e-01 1.798649443745758703e+01
6.070599181717994952e-01 1.788482779610878026e+01
6.086719782991636407e-01 1.787773635778762582e+01
6.102826511672319043e-01 1.772909433366638865e+01
6.118947177771119073e-01 1.783929682172193765e+01
6.135053906451801708e-01 1.782266622848182180e+01
6.151174507725443164e-01 1.778886207119549212e+01
6.167281236406125799e-01 1.775962342986643350e+01
6.183401902504925829e-01 1.775051017506105211e+01
6.199508631185608465e-01 1.771021705252939071e+01
6.215629232459249920e-01 1.768393589072730876e+01
6.231735961139932556e-01 1.757447947503956698e+01
6.247856627238732585e-01 1.763154679389358748e+01
6.263977228512374040e-01 1.753737421142551156e+01
6.280083957193056676e-01 1.759552757038007087e+01
6.296204623291927760e-01 1.768437051595420328e+01
6.312311351972539342e-01 1.770629963373226445e+01
6.328431953246180797e-01 1.777721555702573752e+01
6.344538681926863433e-01 1.780245244136443006e+01
6.360659348025734516e-01 1.776845936010425930e+01
6.376766011881187524e-01 1.784244380647101735e+01
6.392886677979987553e-01 1.783338274116256628e+01
6.408993406660670189e-01 1.784103885168124748e+01
6.425114072759541273e-01 1.788182579368451286e+01
6.441220736614994280e-01 1.788638564989708613e+01
6.457341402713794309e-01 1.791794315459973674e+01
6.473448131394476945e-01 1.788880433795582192e+01
6.489568732668118400e-01 1.780300134141637969e+01
6.505675461348801036e-01 1.783324802518218277e+01
6.521796127447601066e-01 1.774059344495550405e+01
6.537916793546472150e-01 1.770215259413806663e+01
6.559856428965957775e-01 1.774014282082902838e+01
6.575977095064828859e-01 1.765880805079716609e+01
6.592097696338399260e-01 1.776870433264937787e+01
6.608204425019081896e-01 1.785740583669075932e+01
6.624325091117952979e-01 1.787776498687260229e+01
6.640431819798635615e-01 1.791458269764176947e+01
6.656552421072206016e-01 1.782965528078948125e+01
6.672659149752888652e-01 1.786334816428287198e+01
6.688779815851759736e-01 1.786087525683148414e+01
6.704886479707212743e-01 1.794041464575106204e+01
6.721007145806083827e-01 1.787180695405577069e+01
6.737113874486695408e-01 1.787830605479378221e+01
6.753234540585566492e-01 1.794402246903045040e+01
6.769341204441019499e-01 1.793267935421668824e+01
6.785461870539890583e-01 1.783476834624964980e+01
6.801568599220502165e-01 1.797556611479499367e+01
6.817689200494143620e-01 1.796208854983988701e+01
6.833795929174826256e-01 1.805322408151335623e+01
6.849916595273697340e-01 1.809861686697417227e+01
6.866037261372497369e-01 1.805741170521221406e+01
6.882143925227950376e-01 1.810725271147676807e+01
6.898264591326821460e-01 1.818128490379283235e+01
6.914371320007504096e-01 1.816680064975615849e+01
6.930491921281145551e-01 1.813388667126826448e+01
6.946598649961757133e-01 1.813842810879633660e+01
6.962719316060628216e-01 1.809220866988561838e+01
6.978826044741310852e-01 1.807987359931985338e+01
6.994946646014952307e-01 1.810385996360355065e+01
7.011053374695563889e-01 1.824100571814692273e+01
7.027174040794434973e-01 1.824009767200295329e+01
7.043280769475117609e-01 1.823225583410429351e+01
7.059401370748759064e-01 1.820993059620753840e+01
7.075508099429370645e-01 1.817940203420677747e+01
7.091628765528241729e-01 1.816618004040390488e+01
7.107735494208924365e-01 1.819110349617437805e+01
7.123856095482565820e-01 1.822943677015170394e+01
7.139962824163177402e-01 1.819455018380962841e+01
7.156083490262048485e-01 1.829894855580970159e+01
7.172204091535689940e-01 1.825224294661375879e+01
7.188310820216372576e-01 1.833545615075091817e+01
7.204431486315172606e-01 1.833845753219656416e+01
7.220538214995855242e-01 1.840495756749531964e+01
7.236658816269496697e-01 1.837922562572467200e+01
7.252765544950179333e-01 1.832682464210493478e+01
7.268886211048979362e-01 1.829650208163157998e+01
7.284992939729661998e-01 1.836214334949778149e+01
7.301113541003303453e-01 1.824368866266485512e+01
7.317220269683986089e-01 1.833243012933576921e+01
7.333340935782786119e-01 1.843077641536993028e+01
7.349447599638239126e-01 1.840108051728308425e+01
7.371415109894101647e-01 1.844290263793973494e+01
7.387535775992901677e-01 1.847716790614056848e+01
7.403642504673584313e-01 1.852208177119549148e+01
7.419763105947225768e-01 1.860213962249145681e+01
7.435869834627908403e-01 1.855350319377621204e+01
7.451990500726708433e-01 1.847150221128099190e+01
7.468097229407391069e-01 1.849949188906730768e+01
7.484217830681032524e-01 1.852531134085591091e+01
7.500338496779903608e-01 1.847062459014780700e+01
7.516445225460586244e-01 1.850127907365884283e+01
7.532565826734156644e-01 1.861834109128617598e+01
7.548672555414839280e-01 1.851308366907644398e+01
7.564793221513710364e-01 1.853956930513076173e+01
7.580899950194393000e-01 1.844146074049005080e+01
7.597020551467963401e-01 1.840846221266191307e+01
7.613127280148646037e-01 1.848582399503468920e+01
7.629247946247517120e-01 1.859651826473144354e+01
7.645354674928199756e-01 1.851024246703310538e+01
7.661475276201770157e-01 1.845571923120871105e+01
7.677582004882452793e-01 1.850293892468831203e+01
7.693702670981323877e-01 1.847170169446839338e+01
7.709809399662006513e-01 1.840757459115573624e+01
7.725930000935647968e-01 1.838540751118659955e+01
7.742036729616259549e-01 1.847864095490352199e+01
7.758157395715130633e-01 1.848879032633645991e+01
7.774264124395813269e-01 1.843211604393136938e+01
7.790384725669454724e-01 1.846870515363587018e+01
7.806505391768254754e-01 1.849008013413064688e+01
7.822612120448937389e-01 1.847767101024097869e+01
7.838732721722578844e-01 1.838376274852234360e+01
7.854839450403261480e-01 1.842418674454714633e+01
7.870960116502061510e-01 1.848135668272155385e+01
7.887066845182744146e-01 1.843777370049506814e+01
7.903187446456385601e-01 1.845545284686150822e+01
7.919294175137068237e-01 1.855294352915849743e+01
7.935414841235868266e-01 1.855030330736181909e+01
7.951521569916550902e-01 1.855441211677525004e+01
7.967642171190192357e-01 1.857285610818868093e+01
7.983748899870874993e-01 1.871663964010788206e+01
7.999869565969675023e-01 1.866369707318928306e+01
8.015976229825128030e-01 1.915149097681235801e+01
8.032096895923999114e-01 1.870757895185503372e+01
8.048203624604681750e-01 1.905709579903887629e+01
8.064324290703481779e-01 1.923240194106259082e+01
8.080444891977123234e-01 1.949733861000894208e+01
8.096551620657805870e-01 1.955234267508517831e+01
8.112672286756605899e-01 1.943334267379004388e+01
8.128778950612129961e-01 1.910890931813989368e+01
8.144899616710929990e-01 1.930614703834139689e+01
8.161006345391612626e-01 1.924989960854000870e+01
8.182945980811098252e-01 1.947884958472610961e+01
8.199066646909969336e-01 1.954941552609281885e+01
8.215173375590651972e-01 1.948241899791366905e+01
8.231293976864222373e-01 1.947508693407315050e+01
8.247400705544905009e-01 1.941210387947680260e+01
8.263521371643776092e-01 1.946822131078415197e+01
8.279628100324458728e-01 1.953847173844070539e+01
8.295748701598029129e-01 1.945770325711738735e+01
8.311855430278711765e-01 1.946652206562312415e+01
8.327976096377582849e-01 1.960296356704589371e+01
8.344082825058265485e-01 1.949080409487133281e+01
8.360203426331835885e-01 1.949286219155553113e+01
8.376310155012518521e-01 1.948771999995309301e+01
8.392430821111389605e-01 1.946356025195499839e+01
8.408537549792072241e-01 1.947922587140330464e+01
8.424658151065642642e-01 1.949741047892954171e+01
8.440778817164513725e-01 1.937384717058190020e+01
8.456885545845196361e-01 1.937762844240377547e+01
8.473006147118837816e-01 1.933481716045420029e+01
8.489112875799520452e-01 1.926053395786894740e+01
8.505233541898320482e-01 1.926119957706410446e+01
8.521340270579003118e-01 1.927414509964272327e+01
8.537460871852644573e-01 1.939307475612841714e+01
8.553567600533327209e-01 1.927452881256773054e+01
8.569688266632127238e-01 1.930329244089134022e+01
8.585794995312809874e-01 1.917812182884960848e+01
8.601915596586451329e-01 1.922768860442574379e+01
8.618022325267133965e-01 1.916551561104995116e+01
8.634142991365933995e-01 1.908009605951224330e+01
8.650249655221387002e-01 1.900887284785074627e+01
8.666370321320258086e-01 1.887034373559881928e+01
8.682477050000940721e-01 1.871484777947724609e+01
8.698597716099740751e-01 1.887954352547853887e+01
8.714718317373382206e-01 1.881934217116133112e+01
8.730825046054064842e-01 1.869339562256537235e+01
8.746945712152864871e-01 1.856848056018277404e+01
8.763052376008388933e-01 1.851874946974630021e+01
8.779173042107188962e-01 1.859888055023133191e+01
8.795279770787871598e-01 1.866621502282119494e+01
8.811400436886671628e-01 1.842236555629406425e+01
8.827507100742195689e-01 1.839581863782341387e+01
8.843627766840995719e-01 1.833587601838935655e+01
8.859734495521678355e-01 1.827659338784433274e+01
8.875855096795319810e-01 1.837922530867357551e+01
8.891961825476002446e-01 1.841706846518652441e+01
8.908082491574802475e-01 1.837996578502938760e+01
8.924189220255485111e-01 1.839819664297916901e+01
8.940309821529126566e-01 1.849698990841475776e+01
8.956416550209809202e-01 1.843613484327437391e+01
8.972537216308609231e-01 1.844656235791379828e+01
8.994476851728094857e-01 1.845049578721163286e+01
9.010583580408777493e-01 1.838345179033368026e+01
9.026704246507648577e-01 1.844071537559208451e+01
9.042810975188331213e-01 1.833766422838528953e+01
9.058931576461901614e-01 1.831896975333427591e+01
9.075052242560772697e-01 1.824983110493526439e+01
9.091158971241455333e-01 1.818131048940340833e+01
9.107279572515096788e-01 1.824037470477750844e+01
9.123386301195708370e-01 1.822692603580688697e+01
9.139506967294579454e-01 1.826739968251397883e+01
9.155613695975262090e-01 1.815271165998459324e+01
9.171734297248903545e-01 1.809421812424242049e+01
9.187841025929515126e-01 1.813187730376259665e+01
9.203961692028386210e-01 1.799597804412253410e+01
9.220068420709068846e-01 1.804528547190786014e+01
9.236189021982710301e-01 1.807601524279172978e+01
9.252295750663392937e-01 1.812899641356529656e+01
9.268416416762192966e-01 1.812791492750309885e+01
9.284523080617645974e-01 1.804965012128864643e+01
9.300643746716517057e-01 1.809187738385327648e+01
9.316750475397199693e-01 1.804925450288862621e+01
9.332871141495999723e-01 1.803642675278651453e+01
9.348977805351452730e-01 1.807485357527462355e+01
9.365098471450323814e-01 1.800412722121061648e+01
9.381219137549123843e-01 1.799173774180858132e+01
9.397325801404576850e-01 1.796005485813809344e+01
9.413446467503447934e-01 1.792894570580189750e+01
9.429553196184130570e-01 1.802372734218097960e+01
9.445673862282930600e-01 1.803103495703257408e+01
9.461780526138383607e-01 1.805008522047721442e+01
9.477901192237254691e-01 1.807348485940857685e+01
9.494007920917937327e-01 1.807143764370665906e+01
9.510128522191578782e-01 1.790947846497894602e+01
9.526235250872261417e-01 1.805076049154802931e+01
9.542355916971061447e-01 1.799538411298246388e+01
9.558462645651744083e-01 1.789023875786294582e+01
9.574583246925385538e-01 1.790661281635322766e+01
9.590689975606068174e-01 1.804541069638548478e+01
9.606810641704868203e-01 1.802592047484197835e+01
9.622917370385550839e-01 1.806172245935242060e+01
9.639037971659192294e-01 1.801759237157853022e+01
9.655158637757992324e-01 1.910233262013014510e+01
9.671265366438674960e-01 1.946422063158666305e+01
9.687385967712316415e-01 1.953668999249170923e+01
9.703492696392999051e-01 1.952043454971431302e+01
9.719613362491799080e-01 1.950653790561432288e+01
9.735720091172481716e-01 1.949266380058761428e+01
9.751840692446123171e-01 1.955253995264851596e+01
9.767947421126805807e-01 1.958615289100709234e+01
9.784068087225605836e-01 1.978925888407350087e+01
9.805993785226974069e-01 2.003105610820406213e+01
3.216455205156165675e-02 2.068827532293857274e+01
3.377521843710695748e-02 1.810650266634105066e+01
3.538728504699406585e-02 1.809602481887424830e+01
3.699795791505522402e-02 1.814031677047380597e+01
3.861002452494233239e-02 1.805324591939445966e+01
4.022069091048763312e-02 1.794446892294659079e+01
4.183275752037474149e-02 1.794525703752756840e+01
4.344343038843589966e-02 1.808209393440886004e+01
4.505549051580004516e-02 1.780827864669163674e+01
4.666616338386830876e-02 1.782564768319324600e+01
4.827822999375541713e-02 1.779374651278521569e+01
4.988890286181657530e-02 1.776313446832114096e+01
5.150096298918072080e-02 1.783975005874931341e+01
5.311163585724898439e-02 1.787969476306644978e+01
5.472370246713609276e-02 1.782873729445002553e+01
5.633437533520435636e-02 1.778842962347894741e+01
5.794643546256139643e-02 1.767626640508037639e+01
5.955850207244850480e-02 1.771640183923333467e+01
6.175385935621591216e-02 1.779455164283815805e+01
6.336592596609591510e-02 1.785888786994612687e+01
6.497798609346006060e-02 1.785670571365688275e+01
6.658865896152832420e-02 1.779444734195161359e+01
6.820072557140832714e-02 1.784140586172758702e+01
6.981139843947659074e-02 1.780804926988180981e+01
7.142345856684073624e-02 1.778807156333907713e+01
7.303413143490899984e-02 1.780538228756296348e+01
7.464619804478900278e-02 1.776620109118120894e+01
7.625687091285726638e-02 1.777889839970648822e+01
7.786893104022141188e-02 1.777282886531610728e+01
7.947960390828967547e-02 1.784398973705417291e+01
8.109167051817678384e-02 1.790977200300056182e+01
8.270234338623794201e-02 1.793697536092420464e+01
8.431440351360208751e-02 1.796100002586045008e+01
8.592507638167035111e-02 1.792498338542932856e+01
8.753714299155745948e-02 1.796698470524499669e+01
8.914780937710276021e-02 1.797149467145184332e+01
9.075987598698276315e-02 1.795565319247641867e+01
9.237194259686987152e-02 1.799276253981013340e+01
9.398261546493813512e-02 1.806955519520218445e+01
9.559467559229517519e-02 1.805665869308121074e+01
9.720534846036343879e-02 1.804726759844602313e+01
9.881741507025054716e-02 1.805646376799673192e+01
1.004280814557958479e-01 1.808182734698721106e+01
1.020401480656829563e-01 1.800366018420011116e+01
1.036508209337441144e-01 1.800407629009181321e+01
1.052628875436312228e-01 1.809304064766367048e+01
1.068735539291765235e-01 1.806065713925910288e+01
1.084856205390636319e-01 1.803601173948329617e+01
1.100962934071247901e-01 1.806758378613917415e+01
1.117083535344889356e-01 1.807642820991226884e+01
1.133190264025571992e-01 1.810182408554244660e+01
1.149310930124443075e-01 1.813280847715727617e+01
1.165417658805054657e-01 1.823645103023959635e+01
1.181538260078696112e-01 1.817660817879601609e+01
1.197644988759378748e-01 1.817055300388632944e+01
1.213765654858249832e-01 1.819834608039519708e+01
1.229886256131820232e-01 1.817585652937951934e+01
1.245992984812502868e-01 1.818876247751060049e+01
1.262113650911373952e-01 1.821746611661531290e+01
1.278220379592056588e-01 1.825692350863723235e+01
1.294340980865698043e-01 1.826186482564615332e+01
1.310447709546309625e-01 1.822508391652692339e+01
1.326568375645180708e-01 1.826880659795607897e+01
1.342675104325863344e-01 1.826489490792254244e+01
1.358795705599504799e-01 1.828414644184331550e+01
1.374902434280116381e-01 1.831294888086716455e+01
1.391023100378987465e-01 1.827243517867821510e+01
1.407129829059670101e-01 1.838057449834250434e+01
1.429097339315461568e-01 1.839689675823559512e+01
1.445217940589103023e-01 1.842227478561000353e+01
1.461324669269785659e-01 1.844161823088036911e+01
1.477445335368585688e-01 1.849340812940046064e+01
1.493551999224109750e-01 1.849603141904574244e+01
1.509672665322909779e-01 1.846776626277205224e+01
1.525779394003592415e-01 1.844346309636412684e+01
1.541900060102392445e-01 1.848388492802204652e+01
1.558006723957916506e-01 1.850050834883362327e+01
1.574127390056716536e-01 1.853245138835102779e+01
1.590248056155587619e-01 1.855989742376559093e+01
1.606354720011040627e-01 1.851868313730406612e+01
1.622475386109840656e-01 1.856675350015382620e+01
1.638582114790523292e-01 1.851674365301508018e+01
1.654702780889394376e-01 1.846780645310148472e+01
1.670809444744847383e-01 1.856142002847211003e+01
1.686930110843647412e-01 1.853142848729137171e+01
1.703036839524330048e-01 1.855630470622125827e+01
1.719157440797971503e-01 1.859147531441408319e+01
1.735264169478654139e-01 1.858896810635621577e+01
1.751384835577454169e-01 1.857254215619182247e+01
1.767491564258136805e-01 1.858536562740840026e+01
1.783612165531778260e-01 1.864146738158894578e+01
1.799718894212460896e-01 1.864789349597597479e+01
1.815839560311260925e-01 1.868510495828068940e+01
1.831946288991943561e-01 1.864092809902308900e+01
1.848066890265585016e-01 1.867349529385415607e+01
1.864187556364456100e-01 1.868722653055073835e+01
1.880294285045138736e-01 1.873264371782481064e+01
1.896414886318709137e-01 1.871865956697941868e+01
1.912521614999391772e-01 1.871564038066597391e+01
1.928642281098262856e-01 1.866563431963185238e+01
1.944749009778945492e-01 1.860428518224878047e+01
1.960869611052515893e-01 1.861260250817431938e+01
1.976976339733198529e-01 1.862787213096272509e+01
1.993097005832069613e-01 1.865732576172990065e+01
2.009203734512752249e-01 1.866626561524374495e+01
2.025324335786322649e-01 1.861780609104910766e+01
2.041431064467005285e-01 1.862725280908471248e+01
2.057551730565876369e-01 1.862701207902680522e+01
2.073658459246559005e-01 1.854362087020259153e+01
2.089779060520200460e-01 1.865831572753589640e+01
2.105885789200812042e-01 1.864402247936492429e+01
2.122006455299683125e-01 1.869467188458638418e+01
2.138113183980365761e-01 1.867047843023160425e+01
2.154233785254007216e-01 1.870107430533859372e+01
2.170354451352807246e-01 1.866699765069315831e+01
2.186461180033489882e-01 1.866918854180635989e+01
2.202581781307131337e-01 1.866288702244436237e+01
2.218688509987813973e-01 1.868445031103129494e+01
2.240628145407299598e-01 1.862775686821290932e+01
2.256748811506099628e-01 1.858664279998237490e+01
2.272855540186782264e-01 1.862476578902014168e+01
2.288976206285653348e-01 1.860733347795049042e+01
2.305082870141106355e-01 1.856227472963337988e+01
2.321203536239906384e-01 1.859710852469079612e+01
2.337310264920589020e-01 1.863173130548100787e+01
2.353430866194230475e-01 1.862438852096638797e+01
2.369537594874913111e-01 1.860090613678879734e+01
2.385658260973713141e-01 1.860366919923155393e+01
2.401764989654395777e-01 1.866971105415964516e+01
2.417885590928037232e-01 1.856815620451130755e+01
2.433992319608719868e-01 1.860131364955628186e+01
2.450112985707519897e-01 1.863377711496761080e+01
2.466219714388202533e-01 1.863619407321873567e+01
2.482340315661843988e-01 1.862063678109872455e+01
2.498460981760715072e-01 1.861004359840263334e+01
2.514567710441326653e-01 1.864409410240022069e+01
2.530688311714968108e-01 1.866301642688615559e+01
2.546795040395650744e-01 1.867671790299364432e+01
2.562915706494521828e-01 1.872025782138658556e+01
2.579022435175204464e-01 1.867857952201402938e+01
2.595143036448774865e-01 1.864304694868171808e+01
2.611249765129457501e-01 1.865299111169823831e+01
2.627370431228328584e-01 1.866015454355307313e+01
2.643477159909011220e-01 1.873340366108905641e+01
2.659597761182581621e-01 1.868776189984350466e+01
2.675704489863264257e-01 1.869600086037230824e+01
2.691825155962135341e-01 1.873570083806260200e+01
2.707931884642817977e-01 1.875190940217244062e+01
2.724052485916388378e-01 1.871594212308105298e+01
2.740159214597071013e-01 1.873682655666825170e+01
2.756279880695942097e-01 1.868965938226390122e+01
2.772386609376624733e-01 1.875900158956221375e+01
2.788507210650195134e-01 1.874536003724289657e+01
2.804627876749066218e-01 1.875787726821881307e+01
2.820734605429748854e-01 1.877068794825650144e+01
2.836855206703390309e-01 1.877110189228828929e+01
2.852961935384072945e-01 1.863121202682648558e+01
2.869082601482872974e-01 1.864995805289404274e+01
2.885189330163555610e-01 1.873148481440041735e+01
2.901309931437197065e-01 1.879655158319444297e+01
2.917416660117879701e-01 1.876516947481515984e+01
2.933537326216679730e-01 1.871450420100074297e+01
2.949643990072132738e-01 1.880136104400802566e+01
2.965764656171003821e-01 1.878691479994161639e+01
2.981871384851686457e-01 1.875217297788733717e+01
2.997992050950486487e-01 1.870478360197667200e+01
3.014098714805939494e-01 1.868788665386675873e+01
3.030219380904810578e-01 1.868865463728626253e+01
3.052172953742484651e-01 1.869173994936268457e+01
3.068279682423167287e-01 1.866928453332509363e+01
3.084400348521967317e-01 1.873285411339493223e+01
3.100507012377420324e-01 1.872570056398333804e+01
3.116627678476291408e-01 1.875677936116898437e+01
3.132734407156974044e-01 1.878534280111557919e+01
3.148855073255774073e-01 1.874774707072187496e+01
3.164975674529415528e-01 1.873705957854572191e+01
3.181082403210098164e-01 1.870848747604836859e+01
3.197203069308898193e-01 1.870673586040791392e+01
3.213309733164351201e-01 1.869098349625456379e+01
3.229430399263222284e-01 1.871594372556105768e+01
3.245537127943904920e-01 1.869860528437726543e+01
3.261657794042704950e-01 1.866407632537507055e+01
3.277764457898229011e-01 1.870931045409934512e+01
3.293885123997029041e-01 1.870319312853768778e+01
3.309991852677711677e-01 1.868738117519187369e+01
3.326112453951353132e-01 1.876426353558645488e+01
3.342219182632035768e-01 1.878028459811928386e+01
3.358339848730835797e-01 1.872860114964148437e+01
3.374446577411518433e-01 1.874523834758956298e+01
3.390567178685159888e-01 1.868125898893884340e+01
3.406673907365842524e-01 1.870860224903786673e+01
3.422794573464642554e-01 1.870657263840247708e+01
3.438915174738284009e-01 1.877513504920026222e+01
3.455021903418966644e-01 1.873127937855558400e+01
3.471142569517766674e-01 1.873021066570061066e+01
3.487249298198449310e-01 1.873838040718385045e+01
3.503369899472090765e-01 1.876424800754828581e+01
3.519476628152773401e-01 1.876844660909240758e+01
3.535597294251573430e-01 1.874240039037809424e+01
3.551704022932256066e-01 1.878031080041409950e+01
3.567824624205897521e-01 1.879168195084184134e+01
3.583931352886580157e-01 1.880759525263168186e+01
3.600052018985380187e-01 1.876625159813785970e+01
3.616158747666062823e-01 1.871748539049849924e+01
3.632279348939704278e-01 1.869757221664344016e+01
3.648386077620386914e-01 1.873950967559532543e+01
3.664506743719186943e-01 1.879077649164905495e+01
3.680613472399869579e-01 1.878336318220877033e+01
3.696734073673511034e-01 1.874966697002648885e+01
3.712840802354193670e-01 1.886042576513971269e+01
3.728961468452993699e-01 1.875086407962310986e+01
3.745082069726635154e-01 1.872252921213117460e+01
3.761188798407317790e-01 1.871271846164608021e+01
3.777309464506188874e-01 1.868163077252916437e+01
3.793416193186800456e-01 1.879300807825011432e+01
3.809536794460441911e-01 1.882877248404392390e+01
3.825643523141124547e-01 1.884585702379058247e+01
3.841764189239995630e-01 1.881350477554095590e+01
3.863773446925051758e-01 1.880249078620496306e+01
3.879880175605734394e-01 1.875686321963892311e+01
3.896000776879375849e-01 1.877126045741502836e+01
3.912107505560058485e-01 1.884808199338867851e+01
3.928228171658929568e-01 1.881648495419325329e+01
3.944334900339541150e-01 1.888731465722645453e+01
3.960455501613182605e-01 1.883887673397262930e+01
3.976562230293865241e-01 1.877778872988425718e+01
3.992682896392736325e-01 1.882872307380634780e+01
4.008789625073347906e-01 1.880771623792454506e+01
4.024910226346989361e-01 1.877455690300620006e+01
4.041016955027671997e-01 1.879784839691313536e+01
4.057137621126543081e-01 1.874289699889498095e+01
4.073244284981996088e-01 1.877732609576736422e+01
4.089364951080796118e-01 1.880581988423458384e+01
4.105485617179667202e-01 1.876816752297801472e+01
4.121592345860349837e-01 1.866840272592465055e+01
4.137712947133991293e-01 1.869119745079366623e+01
4.153819675814602874e-01 1.859294708886141834e+01
4.169940341913473958e-01 1.866172202371425826e+01
4.186047005768926965e-01 1.869954200637682007e+01
4.202167671867798049e-01 1.866655248738725703e+01
4.218274400548409631e-01 1.869757405815267148e+01
4.234395066647280714e-01 1.872650935446246123e+01
4.250501730502733722e-01 1.861104849614188339e+01
4.266622396601604805e-01 1.868359607021716684e+01
4.282729125282216387e-01 1.859852797588184359e+01
4.298849726555857842e-01 1.868555779016316265e+01
4.314956455236540478e-01 1.872499555291075524e+01
4.331077121335411562e-01 1.865854033516789912e+01
4.347183850016023143e-01 1.867243359096854860e+01
4.363304451289664598e-01 1.872470788939217812e+01
4.379425117388535682e-01 1.872970712580784181e+01
4.395531846069218318e-01 1.863981702018811504e+01
4.411652447342859773e-01 1.868083769351290258e+01
4.427759176023471355e-01 1.862359044265385677e+01
4.443879842122342438e-01 1.860817459660282225e+01
4.459986570803025074e-01 1.855961881417931281e+01
4.476107172076666529e-01 1.856801181893078123e+01
4.492213900757278111e-01 1.857276211226896478e+01
4.508334566856149195e-01 1.859885920324420994e+01
4.524441295536831831e-01 1.859525159300864416e+01
4.540561896810473286e-01 1.859739432291653927e+01
4.556668625491084867e-01 1.866176019402145769e+01
4.572789291589955951e-01 1.864859262366178072e+01
4.588896020270638587e-01 1.870486247777780875e+01
4.605016621544280042e-01 1.865015128177061854e+01
4.621123350224891624e-01 1.860810118809608582e+01
4.637244016323762708e-01 1.860252192240048075e+01
4.653350745004445344e-01 1.857831119698420252e+01
4.675276443005742522e-01 1.857179908291594117e+01
4.691397109104613605e-01 1.854824924648567119e+01
4.707503837785296241e-01 1.851898239522368783e+01
4.723624439058937696e-01 1.846454928520936889e+01
4.739745105157737726e-01 1.840250309712248011e+01
4.755851833838420362e-01 1.839722217064564447e+01
4.771972435112061817e-01 1.845287889812453130e+01
4.788079163792744453e-01 1.846599465314850619e+01
4.804199829891544482e-01 1.842719788023773830e+01
4.820306558572227118e-01 1.841979432696205521e+01
4.836427159845868573e-01 1.847323198444692238e+01
4.852533888526551209e-01 1.846420145057806295e+01
4.868654554625351238e-01 1.853865901101011460e+01
4.884761283306033874e-01 1.850817561216181417e+01
4.900881884579675329e-01 1.852221796611013005e+01
4.916988613260357965e-01 1.852322451367427902e+01
4.933109279359157995e-01 1.852610895728119900e+01
4.949216008039840631e-01 1.846302587069522261e+01
4.965336609313482086e-01 1.846049315239724820e+01
4.981443337994164722e-01 1.849267159586912967e+01
4.997564004092964751e-01 1.849703979921423525e+01
5.013670667948417758e-01 1.859727895956277521e+01
5.029791334047288842e-01 1.848466792725389496e+01
5.045912000146088872e-01 1.854153798262317920e+01
5.062018728826771508e-01 1.855559040307384322e+01
5.078139330100412963e-01 1.852930762944956911e+01
5.094246058781095599e-01 1.839999270530870845e+01
5.110366724879895628e-01 1.837267249462296448e+01
5.126473388735419690e-01 1.830885779621836917e+01
5.142594054834219719e-01 1.823046895466987039e+01
5.158700783514902355e-01 1.825459481327657230e+01
5.174821449613702384e-01 1.829589629063387690e+01
5.190928113469226446e-01 1.837047277687053537e+01
5.207048779568026475e-01 1.834983030900103174e+01
5.223155508248709111e-01 1.826412973322495858e+01
5.239276109522350566e-01 1.832621003361570189e+01
5.255382838203033202e-01 1.806318866966453740e+01
5.271503504301833232e-01 1.819414373167027676e+01
5.287610232982515868e-01 1.818460383902783306e+01
5.303730834256157323e-01 1.819191281431155005e+01
5.319837562936839959e-01 1.818367500577261353e+01
5.335958229035639988e-01 1.815085666620039007e+01
5.352078830309281443e-01 1.812197263855553331e+01
5.368185558989964079e-01 1.820450164942070970e+01
5.384306225088764108e-01 1.811170155214747268e+01
5.400412953769446744e-01 1.809000883431345841e+01
5.416533555043088199e-01 1.788540053140884822e+01
5.432640283723770835e-01 1.800979150801716955e+01
5.448760949822570865e-01 1.802050129865071781e+01
5.464867678503253501e-01 1.804837908750751296e+01
5.486807313922810181e-01 1.803596125809800910e+01
5.502927980021610210e-01 1.791511585070177759e+01
5.519034708702292846e-01 1.790622931611333613e+01
5.535155309975934301e-01 1.794473509290510194e+01
5.551262038656616937e-01 1.805365065645185751e+01
5.567382704755416967e-01 1.804752844216944396e+01
5.583489433436099603e-01 1.790682057040993058e+01
5.599610034709741058e-01 1.790086552083523941e+01
5.615716763390423694e-01 1.791341910279272653e+01
5.631837429489223723e-01 1.793562286081480295e+01
5.647944093344676730e-01 1.776533978562712690e+01
5.664064759443547814e-01 1.762548793716229767e+01
5.680185425542347843e-01 1.782871159409250339e+01
5.696292154223030479e-01 1.788970261032400444e+01
5.712412755496671934e-01 1.773963174233653461e+01
5.728519484177354570e-01 1.773084130578768125e+01
5.744640150276154600e-01 1.785983852603141031e+01
5.760746814131678661e-01 1.774226458554086605e+01
5.776867480230478691e-01 1.769170544532074629e+01
5.792974208911161327e-01 1.769278756852781243e+01
5.809094875009961356e-01 1.776579663408853094e+01
5.825201538865485418e-01 1.787612044443464399e+01
5.841322204964285447e-01 1.775574570613312275e+01
5.857428933644968083e-01 1.765246085238911533e+01
5.873549534918609538e-01 1.774194338828478834e+01
5.889656263599292174e-01 1.780153153480832628e+01
5.905776929698092204e-01 1.779925603693999392e+01
5.921883658378774840e-01 1.769661829692293153e+01
5.938004259652416295e-01 1.781170804238587735e+01
5.954110988333098931e-01 1.783085637761045206e+01
5.970231654431898960e-01 1.785282414090407954e+01
5.986352255705540415e-01 1.789058569232845386e+01
6.002458984386223051e-01 1.788145250455878355e+01
6.018579650485023080e-01 1.779030052158324438e+01
6.034686379165705716e-01 1.775720349793858333e+01
6.050806980439347171e-01 1.776017676459429850e+01
6.066913709120029807e-01 1.781525574804253154e+01
6.083034375218829837e-01 1.776589444509486881e+01
6.099141103899512473e-01 1.773542505106114575e+01
6.115261705173153928e-01 1.764391012937234393e+01
6.131368433853836564e-01 1.770569089483076652e+01
6.147489099952636593e-01 1.764688955902445855e+01
6.163595828633319229e-01 1.758164691220753539e+01
6.179716429906960684e-01 1.766409205557696538e+01
6.195823158587643320e-01 1.758556355128768800e+01
6.211943824686443349e-01 1.767800883790355826e+01
6.228050553367125985e-01 1.756740880047133757e+01
6.244171154640767440e-01 1.751210792411659156e+01
6.260277883321450076e-01 1.759471206195305371e+01
6.276398549420321160e-01 1.760364636471040356e+01
6.298393869687259894e-01 1.765458908333737043e+01
6.314500598367942530e-01 1.765160425495304963e+01
6.330621264466742559e-01 1.778452947579454246e+01
6.346741865740384014e-01 1.780271097938506131e+01
6.362848594421066650e-01 1.790006589858658614e+01
6.378969260519866680e-01 1.794578770211650109e+01
6.395075924375390741e-01 1.798782883363451646e+01
6.411196590474190771e-01 1.796010532998787212e+01
6.427303319154873407e-01 1.793085524057291380e+01
6.443423985253673436e-01 1.793497467981678994e+01
6.459530649109197498e-01 1.791218633706713348e+01
6.475651315207997527e-01 1.788676063309058506e+01
6.491758043888680163e-01 1.790794126228709615e+01
6.507878645162321618e-01 1.787821688473396620e+01
6.523985373843004254e-01 1.793883743887262483e+01
6.540106039941804283e-01 1.797450168263625159e+01
6.556212768622486919e-01 1.787091229994378239e+01
6.572333369896128374e-01 1.795969840186940658e+01
6.588440098576811010e-01 1.798217449490134356e+01
6.604560764675611040e-01 1.790865206696863510e+01
6.620667493356293676e-01 1.798079057561435690e+01
6.636788094629935131e-01 1.797803080190444547e+01
6.652908760728735160e-01 1.790343937929653606e+01
6.669015489409417796e-01 1.794789939218465946e+01
6.685136090683059251e-01 1.790789636162738319e+01
6.701242819363741887e-01 1.788810653284017960e+01
6.717363485462541917e-01 1.789570671368015553e+01
6.733470214143224553e-01 1.794593486177238972e+01
6.749590815416866008e-01 1.802157561430928112e+01
6.765697544097548644e-01 1.803468580210325456e+01
6.781818210196348673e-01 1.797411834971763867e+01
6.797924938877031309e-01 1.794404890651186690e+01
6.814045540150672764e-01 1.796638210187974849e+01
6.830152268831355400e-01 1.794514980320290576e+01
6.846272934930155429e-01 1.803023062578160207e+01
6.862379663610838065e-01 1.797729772124257153e+01
6.878500264884479520e-01 1.804725313676791032e+01
6.894606993565162156e-01 1.799630398709528833e+01
6.910727659663962186e-01 1.797832698423658471e+01
6.926848260937603641e-01 1.801038313908315658e+01
6.942954989618286277e-01 1.805172112639576554e+01
6.959075655717157360e-01 1.807202866126735330e+01
6.975182384397768942e-01 1.800120402985350054e+01
6.991302985671410397e-01 1.800825967818420636e+01
7.007409714352093033e-01 1.805156632740454015e+01
7.023530380450964117e-01 1.805423228299014227e+01
7.039637109131575698e-01 1.798610432364675660e+01
7.055757710405217153e-01 1.801953827172015110e+01
7.071864439085899789e-01 1.810705120533245349e+01
7.087985105184770873e-01 1.816429695893308249e+01
7.109924740604256499e-01 1.810780829552831506e+01
7.126031469284939135e-01 1.812978574429208933e+01
7.142152070558580590e-01 1.814382386527550395e+01
7.158258799239263226e-01 1.811638152921032230e+01
7.174379465338063255e-01 1.816523477276712129e+01
7.190486194018745891e-01 1.814243484689022168e+01
7.206606795292387346e-01 1.815716189759643484e+01
7.222713523973069982e-01 1.811640398859446321e+01
7.238834190071870012e-01 1.813569257401029233e+01
7.254940918752552648e-01 1.819853329315091983e+01
7.271061520026194103e-01 1.813793760996594884e+01
7.287182186124994132e-01 1.814587278265143766e+01
7.303288914805676768e-01 1.809315882198281855e+01
7.319409516079318223e-01 1.820738101167005496e+01
7.335516244760000859e-01 1.815737683461735585e+01
7.351636910858800888e-01 1.816418603310533797e+01
7.367743639539483524e-01 1.814643916534001633e+01
7.383864240813124979e-01 1.809655071426128004e+01
7.399970969493807615e-01 1.806874598936654763e+01
7.416091635592607645e-01 1.809992112202602854e+01
7.432198364273290281e-01 1.812660407109412120e+01
7.448318965546931736e-01 1.815287218576292716e+01
7.464425694227614372e-01 1.815078826703429371e+01
7.480546360326414401e-01 1.815784247064680912e+01
7.496653089007097037e-01 1.810792263456616880e+01
7.512773690280738492e-01 1.812169851856090119e+01
7.528880418961421128e-01 1.810826058153475770e+01
7.545001085060221158e-01 1.812919997059472976e+01
7.561107813740903794e-01 1.811415826042655652e+01
7.577228415014545249e-01 1.818869507863349355e+01
7.593349081113416332e-01 1.811813419345316234e+01
7.609455809794027914e-01 1.818720010130887133e+01
7.625576411067669369e-01 1.815434023862889390e+01
7.641683139748352005e-01 1.837703181067321268e+01
7.657803805847223089e-01 1.833254879093995271e+01
7.673910534527834670e-01 1.819093182805058007e+01
7.690031135801476125e-01 1.835478960452253006e+01
7.706137864482158761e-01 1.873881238817941153e+01
7.722258530581029845e-01 1.895650779552119403e+01
7.738365194436482852e-01 1.903488645607439622e+01
7.754485860535282882e-01 1.890187766722969798e+01
7.770592589215965518e-01 1.882878214989202803e+01
7.786713255314836601e-01 1.891899347706047507e+01
7.802819919170289609e-01 1.894421027103320299e+01
7.818940585269089638e-01 1.883888671048099184e+01
7.835047313949772274e-01 1.898842145821829774e+01
7.851167915223413729e-01 1.885325033844897291e+01
7.867274643904096365e-01 1.904823650984799599e+01
7.883395310002896395e-01 1.886611613878114113e+01
7.899515976101767478e-01 1.896464749281922835e+01
7.921427736684947263e-01 1.896545104250828828e+01
7.937548402783747292e-01 1.900181417973150388e+01
7.953669068882618376e-01 1.897743792035089427e+01
7.969775797563301012e-01 1.903606720076046344e+01
7.985896398836942467e-01 1.896917062334883752e+01
8.002003127517554049e-01 1.892650549336353549e+01
8.018123793616425132e-01 1.881850123278278630e+01
8.034230457471878140e-01 1.888698677698605621e+01
8.050351123570749223e-01 1.897360962248514937e+01
8.066457852251360805e-01 1.902742750459858456e+01
8.082578518350231889e-01 1.913973472022054167e+01
8.098685182205684896e-01 1.915261821012079224e+01
8.114805848304555980e-01 1.914101513079350525e+01
8.130912576985167561e-01 1.928316536874352138e+01
8.147033178258809016e-01 1.921817069234328201e+01
8.163139906939491652e-01 1.915560542107758835e+01
8.179260573038362736e-01 1.919406392561548813e+01
8.195367301719045372e-01 1.917278154324473505e+01
8.211487902992615773e-01 1.918125184423483276e+01
8.227608569091486856e-01 1.913331787544935736e+01
8.243715297772169492e-01 1.918355382291033706e+01
8.259835899045810947e-01 1.921259798501262495e+01
8.275942627726422529e-01 1.904543029053681025e+01
8.292063293825293613e-01 1.907950063204233260e+01
8.308170022505976249e-01 1.908744924047344327e+01
8.324290623779617704e-01 1.904176986034099883e+01
8.340397352460229285e-01 1.899495833126009003e+01
8.356518018559100369e-01 1.909205088401980888e+01
8.372624747239783005e-01 1.907961511639603458e+01
8.388745348513424460e-01 1.898838102272946315e+01
8.404852077194036042e-01 1.907750562407784045e+01
8.420972743292907126e-01 1.909014619481752106e+01
8.437079471973589762e-01 1.906929592324519618e+01
8.453200073247231217e-01 1.901355074776189014e+01
8.469306801927913853e-01 1.890775499912573210e+01
8.485427468026713882e-01 1.891498141471609529e+01
8.501534196707396518e-01 1.878094970992132673e+01
8.517654797981037973e-01 1.858538115473681884e+01
8.533775464079838002e-01 1.853921564992697668e+01
8.549882192760520638e-01 1.866381048957250854e+01
8.566002794034162093e-01 1.867930395174941438e+01
8.582109522714844729e-01 1.833170296940412314e+01
8.598230188813644759e-01 1.840857101389216410e+01
8.614336917494327395e-01 1.845757300733690442e+01
8.630457518767968850e-01 1.847289522918741511e+01
8.646564247448651486e-01 1.835112295537504679e+01
8.662684913547451515e-01 1.828756530874489528e+01
8.678791577402904522e-01 1.828258718173080055e+01
8.694912243501775606e-01 1.830228571390163594e+01
8.711018972182458242e-01 1.841600699626281212e+01
8.732958607601943868e-01 1.831266223954445849e+01
8.749079273700814952e-01 1.832210863263596323e+01
8.765186002381426533e-01 1.830952992290796288e+01
8.781306603655067988e-01 1.832845817408154687e+01
8.797413332335750624e-01 1.825503724207545275e+01
8.813533998434621708e-01 1.845238507975365039e+01
8.829640727115233290e-01 1.818135384397445620e+01
8.845761328388874745e-01 1.796615715222565868e+01
8.861868057069557381e-01 1.800417037860286129e+01
8.877988723168428464e-01 1.796787636457147030e+01
8.894109324442069919e-01 1.786935201541369977e+01
8.910216053122681501e-01 1.787742176596982091e+01
8.926336719221552585e-01 1.800853241640444224e+01
8.942443447902235221e-01 1.807845106059762941e+01
8.958564049175876676e-01 1.806954346912487352e+01
8.974670777856488257e-01 1.802675046367785328e+01
8.990791443955359341e-01 1.805921458549755343e+01
9.006898172636041977e-01 1.803198142724560071e+01
9.023018773909683432e-01 1.790978866353697541e+01
9.039125502590295014e-01 1.786207320864383163e+01
9.055246168689166097e-01 1.797249519895991199e+01
9.071352897369848733e-01 1.789789808189986076e+01
9.087473498643490188e-01 1.789271983521016196e+01
9.103580227324101770e-01 1.783243547967657250e+01
9.119700893422972854e-01 1.780230125303775068e+01
9.135807622103655490e-01 1.787348671809198208e+01
9.151928223377296945e-01 1.790959796976408569e+01
9.168034952057908527e-01 1.798588696484405958e+01
9.184155618156779610e-01 1.792050346014760365e+01
9.200276219430421065e-01 1.782701609077981075e+01
9.216382948111103701e-01 1.788435991418926818e+01
9.232503614209903731e-01 1.787659096204197695e+01
9.248610342890586367e-01 1.789672631136591008e+01
9.264730944164227822e-01 1.789481383188759622e+01
9.280837672844910458e-01 1.775300066370720842e+01
9.296958338943710487e-01 1.770878247266267991e+01
9.313065002799163494e-01 1.772354681160118872e+01
9.329185668898034578e-01 1.769718125053253743e+01
9.345292397578717214e-01 1.765831333128427971e+01
9.361413063677517243e-01 1.773733578067010797e+01
9.377519727532970251e-01 1.766573385081737513e+01
9.393640393631841334e-01 1.767467459357015969e+01
9.409747122312523970e-01 1.766592770696493986e+01
9.425867723586165425e-01 1.774296371263039163e+01
9.441974452266777007e-01 1.777309058581900914e+01
9.458095118365648091e-01 1.774951984868491550e+01
9.474201847046330727e-01 1.775950463069395369e+01
9.490322448319972182e-01 1.777663409382119397e+01
9.506443114418772211e-01 1.784328938565771949e+01
9.522549843099454847e-01 1.788039390355485736e+01
9.544475605925981654e-01 1.769247616382530452e+01
9.560596207199623109e-01 1.771643344782016527e+01
9.576702935880305745e-01 1.771805834578460193e+01
9.592823601979105774e-01 1.769925185207370788e+01
9.608930265834629836e-01 1.754810300620023966e+01
9.625050931933429865e-01 1.759783543530162930e+01
9.641157660614112501e-01 1.766769286596649025e+01
9.657278326712912531e-01 1.887779362358005031e+01
9.673384990568436592e-01 1.926624683104219216e+01
9.689505656667236622e-01 1.937067884318023658e+01
9.705612385347919258e-01 1.938692464370376101e+01
9.721732986621560713e-01 1.942517233162303825e+01
9.737839715302243349e-01 1.951228219480510262e+01
9.753960381401043378e-01 1.957195806800824300e+01
9.770067110081726014e-01 1.961083752405660618e+01
9.786187711355367469e-01 1.967189415005569231e+01
3.340667765983340587e-02 1.806329091322243130e+01
3.560342868541255257e-02 1.776809826883513921e+01
3.721410155348081616e-02 1.787254699503582245e+01
3.882616168084496167e-02 1.788069935182847914e+01
4.043683454891322526e-02 1.788293347442165881e+01
4.204890115879322821e-02 1.792020375743048533e+01
4.365957402686149180e-02 1.800602600985228108e+01
4.527163415422563730e-02 1.787754492639164994e+01
4.688230702229390090e-02 1.782465104705889303e+01
4.849437363217390384e-02 1.785975226280574901e+01
5.010643375953804934e-02 1.780431683588217240e+01
5.171710662760631294e-02 1.787736982024882337e+01
5.332917323748631588e-02 1.789266619139601744e+01
5.493984610555457948e-02 1.788076871367287168e+01
5.655190623291872498e-02 1.797125215666759956e+01
5.816257910098698858e-02 1.804944086520193736e+01
5.977464571086699152e-02 1.799580147408166297e+01
6.138531857893525512e-02 1.798517199247292808e+01
6.299737870629940062e-02 1.793889001462783739e+01
6.460805157436766422e-02 1.792171349205459663e+01
6.622011818424766716e-02 1.802014281323894451e+01
6.783079105231593076e-02 1.800301980825762271e+01
6.944285117968007626e-02 1.800548447757635273e+01
7.105352404774833985e-02 1.800824523169356439e+01
7.266559065762834280e-02 1.804823237817997139e+01
7.427626352569660639e-02 1.803767908705401624e+01
7.588832365306075189e-02 1.802464314984936067e+01
7.749899652112901549e-02 1.799913513202518445e+01
7.911106313101612386e-02 1.801157285226235061e+01
8.072312325837316394e-02 1.804774225139927069e+01
8.233379612644142753e-02 1.802596048480233293e+01
8.394586273632853590e-02 1.809311983829622150e+01
8.555653560439679950e-02 1.802566019773668060e+01
8.716859573175383957e-02 1.798541199680961356e+01
8.877926859982210317e-02 1.806804834048329766e+01
9.039133520970921154e-02 1.805676846105506073e+01
9.200200159525451227e-02 1.808922625829207576e+01
9.361406820513451521e-02 1.808621139470234240e+01
9.522474107320277881e-02 1.802520659373047707e+01
9.683680768308988718e-02 1.810452560113575515e+01
9.844747406863518790e-02 1.808672502159849671e+01
1.000595406785222963e-01 1.807330241125659498e+01
1.016702135465834544e-01 1.813817916720306656e+01
1.032822736739475999e-01 1.816264683983756356e+01
1.048929465420158635e-01 1.813144188439560978e+01
1.065050131519029719e-01 1.810963078909364654e+01
1.081156860199641301e-01 1.804995444375103375e+01
1.097277461473282756e-01 1.806927615745402349e+01
1.113398127572153840e-01 1.805356061489350239e+01
1.129504856252836476e-01 1.802668954193157447e+01
1.145625457526406876e-01 1.808038390797039341e+01
1.167592967782269398e-01 1.808410593097352859e+01
1.183699696462952033e-01 1.810919421228736326e+01
1.199820362561752063e-01 1.816227585303129288e+01
1.215927091242434699e-01 1.814323102969089874e+01
1.232047692516076154e-01 1.809624195093239862e+01
1.248154421196758790e-01 1.815975274774387316e+01
1.264275087295558819e-01 1.814925008622618208e+01
1.280381815976241455e-01 1.815995394728635759e+01
1.296502417249882910e-01 1.821701572438678696e+01
1.312609145930565546e-01 1.822154108145928575e+01
1.328729812029365576e-01 1.821074453548102667e+01
1.344836540710048212e-01 1.819189449449800833e+01
1.360957141983689667e-01 1.823626775794156529e+01
1.377063870664372303e-01 1.824487378091309964e+01
1.393184536763172332e-01 1.825070784095858301e+01
1.409291200618696394e-01 1.833397818149809666e+01
1.425411866717496423e-01 1.833190606637572984e+01
1.441518595398179059e-01 1.837937300271716623e+01
1.457639261496979088e-01 1.837873286641218229e+01
1.473759862770620543e-01 1.839401485327860541e+01
1.489866591451303179e-01 1.842894863907941527e+01
1.505987257550174263e-01 1.841402261558786790e+01
1.522093921405627270e-01 1.838340857769404835e+01
1.538214587504427300e-01 1.846201009622793876e+01
1.554321316185109936e-01 1.843250350493756784e+01
1.570441982283981019e-01 1.849348787575556941e+01
1.586548646139434027e-01 1.847551442821446344e+01
1.602669312238234056e-01 1.846385433428378064e+01
1.618776040918916692e-01 1.846858062239314080e+01
1.634896642192558147e-01 1.848725396197594506e+01
1.651003370873240783e-01 1.848949355064674549e+01
1.667124036972040813e-01 1.844479891902010138e+01
1.683230765652723449e-01 1.847714423411227358e+01
1.699351366926364904e-01 1.852530273191732135e+01
1.715458095607047539e-01 1.852875987060656371e+01
1.731578761705847569e-01 1.852966531750947610e+01
1.747685490386530205e-01 1.849862721472283766e+01
1.763806091660171660e-01 1.850868236740340578e+01
1.779926757759042744e-01 1.845730788787913568e+01
1.796033486439654325e-01 1.848473448739919078e+01
1.812154087713295780e-01 1.848419708127533312e+01
1.828260816393978416e-01 1.852910963956135504e+01
1.844381482492849500e-01 1.853950138240197631e+01
1.860488211173532136e-01 1.856546455663981021e+01
1.876608812447102537e-01 1.850471003521057867e+01
1.892715541127785173e-01 1.860598963695903052e+01
1.908836207226656256e-01 1.854374779102857573e+01
1.924942935907338892e-01 1.843589709131940779e+01
1.941063537180909293e-01 1.852433569237681610e+01
1.957170265861591929e-01 1.853310488321297811e+01