2455482.49188    11.75813
2455482.49234    11.68258
2455482.49255    11.70075
2455482.49277    11.69135
2455482.49300    11.69458
2455482.49320    11.70765
2455482.49341    11.72913
2455482.49359    11.72516
2455482.49379    11.76853
2455482.49399    11.76508
2455482.49417    11.84183
2455482.49437    11.80673
2455482.49455    11.86202
2455482.49475    11.78179
2455482.49495    11.82873
2455482.49516    11.87178
2455482.49534    11.88563
2455482.49553    11.82557
2455482.49572    11.8206
2455482.49592    11.86369
2455482.49612    11.82677
2455482.49631    11.87142
2455482.49651    11.75853
2455482.49668    11.78597
2455482.49687    11.81977
2455482.49707    11.86638
2455482.49726    11.83331
2455482.49746    11.84832
2455482.49767    11.8424
2455482.49789    11.74842
2455482.49807    11.75065
2455482.49867    11.87545
2455482.49886    11.75202
2455482.49906    11.81302
2455482.49925    11.79712
2455482.49946    11.72656
2455482.49968    11.81281
2455482.49988    11.84969
2455482.50009    11.8057
2455482.50028    11.79031
2455482.50049    11.77608
2455482.50071    11.81205
2455482.50090    11.76727
2455482.50109    11.79979
2455482.50129    11.79705
2455482.50147    11.79904
2455482.50168    11.77574
2455482.50190    11.80027
2455482.50209    11.78091
2455482.50230    11.84768
2455482.50251    11.84675
2455482.50271    11.87692
2455482.50291    11.80157
2455482.50310    11.78192
2455482.50332    11.77789
2455482.50351    11.75629
2455482.50371    11.78422
2455482.50392    11.72043
2455482.50411    11.72298
2455482.50433    11.76329
2455482.50454    11.73983
2455482.50473    11.76541
2455482.50492    11.70878
2455482.50512    11.71624
2455482.50527    11.72426
2455482.50548    11.74784
2455482.50568    11.75695
2455482.50587    11.75945
2455482.50608    11.75708
2455482.50628    11.77957
2455482.50646    11.7397
2455482.50667    11.76315
2455482.50687    11.73699
2455482.50709    11.74705
2455482.50728    11.80178
2455482.50750    11.79208
2455482.50770    11.86137
2455482.50789    11.8013
2455482.50808    11.81309
2455482.50829    11.83955
2455482.50848    11.88467
2455482.50867    11.84111
2455482.50886    11.84589
2455482.50906    11.83749
2455482.50924    11.77581
2455482.50944    11.74113
2455482.50962    11.75314
2455482.50983    11.78679
2455482.51004    11.80949
2455482.51025    11.79147
2455482.51044    11.82487
2455482.51064    11.80963
2455482.51084    11.79467
2455482.51105    11.82782
2455482.51131    11.7559
2455482.51150    11.771
2455482.51168    11.78767
2455482.51188    11.76827
2455482.51208    11.77541
2455482.51227    11.86398
2455482.51248    11.84847
2455482.51270    11.81205
2455482.51285    11.82452
2455482.51308    11.80687
2455482.51327    11.78537
2455482.51346    11.82347
2455482.51366    11.81719
2455482.51386    11.84019
2455482.51407    11.8142
2455482.51424    11.82179
2455482.51445    11.78152
2455482.51462    11.76236
2455482.51482    11.79535
2455482.51503    11.77997
2455482.51522    11.8002
2455482.51542    11.80887
2455482.51561    11.78712
2455482.51581    11.78058
2455482.51601    11.80459
2455482.51621    11.76495
2455482.51640    11.78543
2455482.51660    11.79051
2455482.51680    11.80102
2455482.51698    11.78929
2455482.51717    11.77387
2455482.51738    11.78004
2455482.51760    11.78496
2455482.51779    11.79993
2455482.51799    11.80137
2455482.51819    11.77984
2455482.51837    11.79801
2455482.51857    11.80439
2455482.51875    11.79412
2455482.51895    11.80398
2455482.51917    11.8248
2455482.51939    11.83586
2455482.51961    11.86682
2455482.51981    11.86667
2455482.52002    11.87039
2455482.52024    11.8701
2455482.52043    11.85407
2455482.52062    11.84518
2455482.52081    11.84911
2455482.52100    11.86253
2455482.52120    11.85414
2455482.52139    11.85739
2455482.52159    11.87721
2455482.52177    11.86282
2455482.52199    11.87854
2455482.52218    11.87076
2455482.52236    11.8731
2455482.52255    11.88237
2455482.52275    11.85421
2455482.52293    11.87684
2455482.52311    11.8837
2455482.52330    11.87193
2455482.52350    11.8642
2455482.52377    11.88341
2455482.52399    11.88452
2455482.52422    11.88815
2455482.52442    11.88378
2455482.52462    11.86093
2455482.52482    11.86718
2455482.52508    11.87935
2455482.52533    11.87824
2455482.52552    11.86951
2455482.52572    11.8494
2455482.52591    11.84947
2455482.52608    11.87068
2455482.52625    11.88644
2455482.52648    11.88067
2455482.52668    11.86623
2455482.52686    11.85681
2455482.52706    11.84404
2455482.52725    11.85782
2455482.52746    11.82754
2455482.52765    11.81136
2455482.52790    11.82102
2455482.52811    11.78618
2455482.52829    11.80501
2455482.52849    11.79364
2455482.52872    11.7989
2455482.52889    11.79671
2455482.52909    11.80501
2455482.52929    11.80219
2455482.52949    11.79644
2455482.52969    11.79119
2455482.52995    11.77093
2455482.53018    11.82719
2455482.53037    11.82691
2455482.53058    11.84453
2455482.53078    11.85464
2455482.53099    11.88341
2455482.53116    11.88837
2455482.53136    11.86827
2455482.53155    11.88296
2455482.53175    11.8563
2455482.53195    11.8331
2455482.53218    11.82789
2455482.53238    11.84983
2455482.53261    11.83891
2455482.53284    11.83891
2455482.53306    11.79174
2455482.53327    11.79938
2455482.53348    11.8035
2455482.53370    11.7828
2455482.53390    11.79733
2455482.53411    11.77568
2455482.53430    11.77588
2455482.53449    11.77695
2455482.53467    11.77843
2455482.53489    11.80274
2455482.53511    11.79828
2455482.53530    11.80563
2455482.53550    11.81427
2455482.53569    11.822
2455482.53588    11.84961
2455482.53608    11.819
2455482.53629    11.85717
2455482.53653    11.84289
2455482.53673    11.83756
2455482.53695    11.83233
2455482.53714    11.84318
2455482.53736    11.83792
2455482.53756    11.84918
2455482.53776    11.85457
2455482.53799    11.86391
2455482.53819    11.86827
2455482.53838    11.86245
2455482.53857    11.86354
2455482.53879    11.84646
2455482.53900    11.85681
2455482.53922    11.84282
2455482.53940    11.82543
2455482.53960    11.84518
2455482.53979    11.84211
2455482.54000    11.85385
2455482.54023    11.8281
2455482.54042    11.84147
2455482.54072    11.84204
2455482.54092    11.86311
2455482.54113    11.84047
2455482.54133    11.82277
2455482.54155    11.80625
2455482.54176    11.80756
2455482.54197    11.80034
2455482.54218    11.82403
2455482.54236    11.82768
2455482.54256    11.83106
2455482.54276    11.80048
2455482.54298    11.80949
2455482.54319    11.8015
2455482.54343    11.76223
2455482.54365    11.73273
2455482.54386    11.71326
2455482.54406    11.69763
2455482.54427    11.72874
2455482.54447    11.75156
2455482.54468    11.76827
2455482.54486    11.76501
2455482.54509    11.7666
2455482.54529    11.77193
2455482.54547    11.74243
2455482.54566    11.73054
2455482.54593    11.75274
2455482.54614    11.72945
2455482.54638    11.74966
2455482.54656    11.74738
2455482.54680    11.73919
2455482.54698    11.73331
2455482.54719    11.72932
2455482.54740    11.72881
2455482.54758    11.72496
2455482.54783    11.71093
2455482.54803    11.67261
2455482.54823    11.70056
2455482.54842    11.72727
2455482.54865    11.73615
2455482.54883    11.74549
2455482.54902    11.76203
2455482.54922    11.71049
2455482.54941    11.72484
2455482.54961    11.75432
2455482.54979    11.72375
2455482.54999    11.76203
2455482.55019    11.82207
2455482.55038    11.76621
2455482.55056    11.78577
2455482.55074    11.7732
2455482.55093    11.75511
2455482.55119    11.75563
2455482.55139    11.69539
2455482.55159    11.69185
2455482.55181    11.6623
2455482.55199    11.66938
2455482.57556    11.71745
2455482.57594    11.717
2455482.57611    11.7496
2455482.57633    11.74048
2455482.57655    11.79024
2455482.57675    11.87957
2455482.57696    11.80935
2455482.57715    11.82895
2455482.57733    11.79719
2455482.57751    11.85364
2455482.57773    11.84218
2455482.57793    11.81872
2455482.57813    11.80839
2455482.57830    11.81747
2455482.57850    11.81295
2455482.57869    11.82158
2455482.57889    11.80956
2455482.57909    11.82263
2455482.57928    11.80246
2455482.57953    11.80604
2455482.57971    11.8312
2455482.57994    11.78929
2455482.58016    11.78618
2455482.58036    11.79965
2455482.58057    11.80887
2455482.58079    11.771
2455482.58102    11.75919
2455482.58126    11.72637
2455482.58150    11.73395
2455482.58170    11.71301
2455482.58193    11.71948
2455482.58212    11.6957
2455482.58230    11.72388
2455482.58249    11.77688
2455482.58270    11.80956
2455482.58289    11.72977
2455482.58308    11.78773
2455482.58330    11.7668
2455482.58352    11.71225
2455482.58372    11.68271
2455482.58396    11.72618
2455482.58417    11.68579
2455482.58435    11.68295
2455482.58456    11.72695
2455482.58484    11.74895
2455482.58506    11.47635
2455482.58525    11.58167
2455482.58552    11.6723
2455482.58575    11.70332
2455482.58595    11.69327
2455482.58613    11.73009
2455482.58634    11.71213
2455482.58656    11.70985
2455482.58676    11.64144
2455482.58694    11.61213
2455482.58716    11.67413
2455482.58736    11.5026
2455482.58756    11.62022
2455482.58775    11.67811
2455482.58795    11.72196
2455482.58815    11.84825
2455482.58836    11.68394
2455482.58863    11.73022
2455482.58947    11.68529
2455482.58980    11.71288
